 45 11 357 358
 356 249 128 355
 351 20 318 350
 126 127 251 252
 239 240 11 45
 241 128 249 250
 351 352 271 20
 20 271 272 244
 23 273 274 48
 48 315 316 23
 318 20 244 317
 349 12 699 700
 12 245 698 699
 49 696 697 3
 631 45 358 630
 632 239 45 631
 635 126 252 634
 48 274 640 641
 641 642 315 48
 55 54 50 34
 56 246 247 31
 348 56 31 347
 353 432 433 59
 243 59 433 434
 61 60 435 436
 639 61 436 638
 309 74 102 308
 72 294 295 104
 340 105 91 339
 73 391 392 106
 643 695 696 49
 50 54 644 645
 693 289 28 692
 332 333 203 204
 287 288 52 32
 96 690 691 334
 570 571 330 158
 382 157 572 573
 568 569 285 159
 567 568 159 303
 564 565 300 161
 562 563 345 162
 560 561 397 163
 637 47 456 636
 47 22 455 456
 242 21 453 454
 452 453 21 354
 10 42 237 238
 359 360 42 10
 253 254 124 125
 290 37 28 289
 25 457 458 40
 335 97 96 334
 29 386 387 36
 140 148 395 396
 149 343 344 141
 150 298 299 142
 305 152 144 304
 152 283 284 144
 153 328 329 145
 154 380 381 146
 545 546 395 148
 547 548 343 149
 549 550 298 150
 552 553 152 305
 383 108 157 382
 158 330 331 109
 159 285 286 113
 303 159 113 302
 161 300 301 112
 162 345 346 111
 163 397 398 110
 553 554 283 152
 153 555 556 328
 380 154 557 558
 268 378 379 93
 267 326 327 16
 360 361 67 42
 254 255 138 124
 42 67 236 237
 279 280 102 74
 362 181 1898 1899
 181 235 1897 1898
 256 174 1934 1935
 264 265 101 75
 310 26 475 476
 183 311 1927 1928
 336 135 97 335
 291 136 37 290
 480 481 90 338
 13 293 478 479
 4 390 482 483
 36 387 388 139
 292 185 1924 1925
 337 186 1922 1923
 389 187 1920 1921
 459 132 40 458
 460 175 1932 1933
 277 183 1928 1929
 63 441 472 473
 278 474 475 26
 188 1930 1931 440
 183 277 278 26
 311 183 26 310
 185 292 293 13
 186 337 338 90
 187 389 390 4
 188 440 441 63
 401 402 416 417
 468 401 417 467
 386 29 688 689
 384 385 51 33
 416 402 463 464
 442 443 264 75
 429 415 403 404
 399 400 418 419
 426 427 406 407
 421 422 411 412
 407 408 425 426
 377 168 223 376
 325 167 224 324
 227 226 164 165
 444 445 227 165
 420 421 412 413
 406 427 428 405
 1936 1897 235 182
 237 236 137 41
 238 237 41 7
 633 46 239 632
 46 2 240 239
 127 241 250 251
 22 242 454 455
 60 243 434 435
 244 272 273 23
 317 244 23 316
 698 245 3 697
 247 246 55 34
 357 11 249 356
 250 249 11 240
 251 250 240 2
 252 251 2 46
 634 252 46 633
 7 41 254 253
 41 137 255 254
 182 256 1935 1936
 429 404 405 428
 413 399 419 420
 264 443 444 165
 165 164 265 264
 167 325 326 267
 168 377 378 268
 352 353 59 271
 272 271 59 243
 273 272 243 60
 274 273 60 61
 640 274 61 639
 188 277 1929 1930
 278 277 188 63
 63 473 474 278
 75 101 280 279
 283 554 555 153
 283 153 145 284
 285 569 570 158
 286 285 158 109
 35 53 288 287
 694 8 289 693
 38 290 289 8
 134 291 290 38
 184 292 1925 1926
 293 292 184 1
 478 293 1 477
 295 294 77 103
 298 550 551 151
 298 151 143 299
 300 565 566 160
 301 300 160 114
 160 303 302 114
 566 567 303 160
 151 305 304 143
 551 552 305 151
 77 309 308 103
 1 310 476 477
 184 311 310 1
 1927 311 184 1926
 313 312 134 38
 38 8 314 313
 315 642 643 49
 316 315 49 3
 245 317 316 3
 12 318 317 245
 350 318 12 349
 168 325 324 223
 326 325 168 268
 327 326 268 93
 328 556 557 154
 328 154 146 329
 330 571 572 157
 331 330 157 108
 32 52 333 332
 334 691 692 28
 37 335 334 28
 136 336 335 37
 185 337 1923 1924
 338 337 185 13
 479 480 338 13
 104 340 339 72
 343 548 549 150
 343 150 142 344
 345 563 564 161
 346 345 161 112
 57 348 347 30
 6 349 700 701
 319 350 349 6
 19 351 350 319
 19 270 352 351
 270 58 353 352
 58 431 432 353
 451 452 354 18
 248 356 355 129
 5 357 356 248
 358 357 5 44
 630 358 44 629
 9 43 360 359
 43 66 361 360
 180 362 1899 1900
 363 362 180 121
 364 363 121 15
 368 449 450 78
 78 98 369 368
 169 377 376 222
 378 377 169 269
 379 378 269 14
 155 380 558 559
 380 155 147 381
 156 382 573 574
 107 383 382 156
 204 203 385 384
 96 386 689 690
 387 386 96 97
 388 387 97 135
 186 389 1921 1922
 390 389 186 90
 482 390 90 481
 392 391 91 105
 395 546 547 149
 395 149 141 396
 397 561 562 162
 398 397 162 111
 199 416 464 465
 417 416 199 200
 467 417 200 466
 419 418 197 260
 420 419 260 194
 194 231 421 420
 231 216 422 421
 426 425 218 196
 196 232 427 426
 428 427 232 195
 259 429 428 195
 198 415 429 259
 431 18 354 432
 433 432 354 21
 434 433 21 242
 435 434 242 22
 436 435 22 47
 638 436 47 637
 440 1931 1932 175
 441 440 175 176
 472 441 176 471
 179 263 443 442
 444 443 263 177
 177 228 445 444
 450 449 367 172
 129 355 452 451
 355 128 453 452
 454 453 128 241
 455 454 241 127
 456 455 127 126
 636 456 126 635
 458 457 125 124
 138 459 458 124
 174 460 1933 1934
 464 463 403 415
 465 464 415 198
 418 467 466 197
 400 468 467 418
 442 472 471 179
 473 472 442 75
 474 473 75 279
 475 474 279 74
 476 475 74 309
 477 476 309 77
 294 478 477 77
 479 478 294 72
 72 339 480 479
 339 91 481 480
 391 482 481 91
 483 482 391 73
 71 320 372 371
 94 373 372 320
 512 517 71 371
 189 191 176 175
 191 470 471 176
 519 520 191 189
 520 521 470 191
 368 369 99 79
 522 524 79 99
 526 525 123 257
 123 174 256 257
 189 175 460 461
 527 519 189 461
 120 181 362 363
 234 235 181 120
 17 120 363 364
 528 529 234 120
 262 263 179 192
 530 531 262 192
 79 448 449 368
 532 528 120 17
 524 534 448 79
 229 228 177 193
 540 538 229 193
 529 541 68 234
 68 182 235 234
 257 256 182 68
 541 526 257 68
 531 540 193 262
 193 177 263 262
 399 261 76 400
 469 69 401 468
 69 190 402 401
 462 463 402 190
 258 404 403 130
 171 405 404 258
 233 406 405 171
 407 406 233 122
 122 212 408 407
 170 413 412 230
 413 170 261 399
 534 535 173 448
 367 449 448 173
 461 460 174 123
 525 527 461 123
 130 403 463 462
 76 469 468 400
 521 530 192 470
 192 179 471 470
 510 517 512 509
 528 532 212 122
 529 528 122 233
 541 529 233 171
 526 541 171 258
 525 526 258 130
 527 525 130 462
 519 527 462 190
 520 519 190 69
 521 520 69 469
 530 521 469 76
 531 530 76 261
 540 531 261 170
 538 540 170 230
 118 394 546 545
 547 546 394 117
 117 342 548 547
 549 548 342 119
 119 297 550 549
 551 550 297 116
 116 306 552 551
 306 115 553 552
 115 282 554 553
 555 554 282 16
 556 555 16 327
 557 556 327 93
 558 557 93 379
 559 558 379 14
 140 396 561 560
 562 561 396 141
 141 344 563 562
 564 563 344 142
 142 299 565 564
 566 565 299 143
 143 304 567 566
 304 144 568 567
 144 284 569 568
 570 569 284 145
 145 329 571 570
 572 571 329 146
 573 572 146 381
 574 573 381 147
 576 575 139 388
 577 576 388 135
 578 577 135 336
 579 578 336 136
 580 579 136 291
 581 580 291 134
 312 582 581 134
 586 585 131 439
 587 586 439 132
 588 587 132 459
 589 588 459 138
 590 589 138 255
 591 590 255 137
 236 592 591 137
 593 592 236 67
 594 593 67 361
 595 594 361 66
 100 226 227 80
 227 445 446 80
 445 228 178 446
 596 598 210 205
 598 599 447 210
 230 412 411 220
 210 524 522 205
 534 524 210 447
 598 596 100 80
 599 598 80 446
 228 229 219 178
 229 538 537 219
 220 537 538 230
 411 422 423 410
 217 423 422 216
 220 411 410 213
 535 536 201 173
 218 425 424 217
 447 599 600 211
 535 534 447 211
 600 599 446 178
 15 215 365 364
 364 365 214 17
 533 532 17 214
 539 601 219 537
 213 539 537 220
 601 600 178 219
 211 600 601 221
 536 535 211 221
 217 424 430 423
 409 424 425 408
 414 410 423 430
 27 409 408 212
 212 532 533 27
 601 611 605 221
 221 605 604 536
 414 539 213 410
 612 610 604 605
 424 409 606 430
 606 612 605 611
 611 601 539 414
 606 611 414 430
 612 606 409 27
 610 612 27 533
 602 607 608 613
 367 366 202 172
 173 201 366 367
 201 603 602 366
 603 609 607 602
 536 604 603 201
 604 610 609 603
 214 609 610 533
 365 607 609 214
 215 608 607 365
 602 613 202 366
 87 307 308 102
 104 295 296 81
 341 92 105 340
 393 82 106 392
 115 306 497 498
 394 118 490 491
 342 117 492 493
 297 119 494 495
 499 282 115 498
 280 281 87 102
 501 267 16 500
 265 266 86 101
 503 224 167 502
 226 225 166 164
 164 166 266 265
 502 167 267 501
 101 86 281 280
 500 16 282 499
 88 296 295 103
 116 297 495 496
 496 497 306 116
 307 88 103 308
 81 341 340 104
 119 342 493 494
 92 393 392 105
 117 394 491 492
 615 614 82 393
 616 615 393 92
 617 616 92 341
 618 617 341 81
 619 618 81 296
 620 619 296 88
 621 620 88 307
 622 621 307 87
 623 622 87 281
 624 623 281 86
 625 624 86 266
 626 625 266 166
 627 626 166 225
 626 627 503 502
 625 626 502 501
 624 625 501 500
 623 624 500 499
 622 623 499 498
 621 622 498 497
 620 621 497 496
 619 620 496 495
 618 619 495 494
 617 618 494 493
 616 617 493 492
 615 616 492 491
 614 615 491 490
 359 630 629 9
 10 631 630 359
 238 632 631 10
 7 633 632 238
 253 634 633 7
 125 635 634 253
 457 636 635 125
 25 637 636 457
 437 638 637 25
 24 314 642 641
 643 642 314 8
 8 694 695 643
 645 644 53 35
 222 376 375 65
 487 513 207 485
 70 511 512 371
 511 70 653 652
 509 512 511 508
 508 511 652 658
 507 487 485 506
 663 664 65 375
 652 653 513 487
 658 652 487 507
 664 663 374 209
 98 83 370 369
 83 544 543 370
 509 543 544 510
 84 99 369 370
 523 522 99 84
 84 542 657 665
 370 543 542 84
 508 542 543 509
 542 508 658 657
 486 507 506 484
 206 523 656 662
 205 522 523 206
 657 658 507 486
 656 665 657 486
 484 662 656 486
 523 84 665 656
 371 372 321 70
 373 95 321 372
 70 321 654 653
 321 95 655 654
 374 646 647 209
 373 94 518 516
 702 703 516 518
 654 655 515 514
 653 654 514 513
 95 373 516 655
 374 663 675 676
 516 703 704 678
 646 374 676 677
 515 655 679 680
 655 516 678 679
 85 225 226 100
 225 85 628 627
 206 597 596 205
 597 206 662 661
 100 596 597 85
 85 597 661 674
 503 627 628 504
 661 662 484 489
 660 674 661 489
 504 628 660 659
 505 489 484 506
 659 660 489 505
 628 85 674 660
 676 675 667 669
 677 676 669 671
 678 704 705 670
 679 678 670 673
 680 679 673 672
 513 514 322 207
 514 515 208 322
 208 515 680 681
 681 680 672 668
 376 223 89 375
 324 224 64 323
 223 324 323 89
 506 485 488 505
 504 64 224 503
 651 64 504 659
 505 488 651 659
 686 651 488 649
 649 488 485 207
 650 663 375 89
 687 686 649 648
 650 687 648 683
 648 649 207 322
 683 648 322 208
 675 663 650 682
 681 684 683 208
 668 685 684 681
 667 675 682 666
 682 684 685 666
 650 683 684 682
 687 650 89 323
 686 687 323 64
 651 686 64
 689 688 51 385
 690 689 385 203
 691 690 203 333
 692 691 333 52
 288 693 692 52
 53 694 693 288
 695 694 53 644
 696 695 644 54
 697 696 54 55
 246 698 697 55
 699 698 246 56
 700 699 56 348
 701 700 348 57
 647 646 703 702
 704 703 646 677
 705 704 677 671
 777 778 716 717
 776 777 717 718
 775 776 718 719
 774 775 719 720
 717 716 711 710
 718 717 710 712
 719 718 712 713
 725 724 712 710
 711 726 725 710
 733 731 724 725
 746 745 767 768
 708 739 707 740
 745 746 731 733
 744 747 765 766
 743 741 739 708
 735 733 725 726
 767 745 744 766
 735 744 745 733
 734 764 765 747
 734 747 744 735
 39 313 314 24
 133 312 313 39
 583 582 312 133
 276 584 583 133
 131 585 584 276
 706 773 774 720
 720 719 713 706
 713 712 724 730
 770 754 732 769
 736 730 724 731
 732 746 768 769
 731 746 732 736
 25 40 438 761
 40 132 439 438
 729 721 722 728
 721 741 743 722
 25 761 437
 739 738 737 707
 785 737 738 784
 765 764 722 743
 766 765 743 708
 740 767 766 708
 768 767 740 707
 769 768 707 737
 774 773 39 24
 24 641 775 774
 641 640 776 775
 640 639 777 776
 639 638 778 777
 778 779 715 716
 711 716 715 709
 709 727 726 711
 727 734 735 726
 762 763 727 709
 759 714 780 781
 763 764 734 727
 728 714 759 729
 780 791 715 779
 728 763 762 714
 728 722 764 763
 778 638 437 779
 780 779 437 761
 781 780 761 438
 791 762 709 715
 762 791 780 714
 796 795 802 803
 713 730 723 706
 706 723 772 773
 754 753 736 732
 730 736 753 723
 737 755 770 769
 729 759 760 721
 741 742 738 739
 742 741 721 760
 784 738 742 783
 749 785 784 750
 749 750 793 792
 799 792 793 800
 793 794 801 800
 801 794 796 803
 757 752 790 789
 796 790 752 795
 275 276 133 39
 39 773 772 275
 438 439 131 62
 781 782 760 759
 742 760 782 783
 438 62 782 781
 782 751 783
 750 784 783 751
 750 751 794 793
 794 751 790 796
 276 275 62 131
 751 782 62 808
 789 790 751 808
 200 199 809 810
 199 465 811 809
 466 200 810 812
 259 195 813 814
 194 260 816 815
 195 232 817 813
 231 194 815 818
 196 218 820 819
 218 217 821 820
 217 216 822 821
 216 231 818 822
 232 196 819 817
 198 259 814 823
 260 197 824 816
 465 198 823 811
 197 466 812 824
 815 816 827 826
 818 815 826 828
 816 824 829 827
 824 812 825 829
 809 830 831 810
 809 811 832 830
 810 831 833 812
 813 834 835 814
 815 816 837 836
 813 817 838 834
 815 836 839 818
 819 820 841 840
 821 842 841 820
 822 843 842 821
 818 839 843 822
 817 819 840 838
 814 835 844 823
 816 824 845 837
 811 823 844 832
 812 833 845 824
 30 347 867 864
 32 332 871 869
 31 247 875 873
 34 50 879 877
 287 32 869 881
 50 645 883 879
 204 384 887 885
 247 34 877 875
 35 287 881 889
 332 204 885 871
 347 31 873 867
 384 33 891 887
 645 35 889 883
 798 756 749 792
 847 846 756 798
 802 795 797 804
 798 792 799 805
 848 847 798 805
 785 786 755 737
 749 756 786 785
 771 772 723 753
 753 754 770 771
 755 806 771 770
 847 848 804 797
 758 757 789 788
 758 748 752 757
 795 752 748 797
 786 787 806 755
 846 787 786 756
 772 771 807 275
 807 808 62 275
 807 771 806 787
 807 787 849 788
 808 807 788 789
 748 846 847 797
 787 846 748 849
 849 748 758 788
 865 866 851 850
 868 870 853 852
 872 874 855 854
 876 878 857 856
 880 868 852 858
 878 882 859 857
 884 886 861 860
 874 876 856 855
 888 880 858 862
 870 884 860 853
 866 872 854 851
 886 890 863 861
 882 888 862 859
 865 864 867 866
 866 867 873 872
 869 868 880 881
 868 869 871 870
 870 871 885 884
 872 873 875 874
 874 875 877 876
 876 877 879 878
 878 879 883 882
 881 880 888 889
 882 883 889 888
 884 885 887 886
 886 887 891 890
 286 109 892 893
 331 108 894 895
 383 107 896 897
 110 398 899 898
 111 346 901 900
 302 113 902 903
 112 301 905 904
 113 286 893 902
 301 114 906 905
 114 302 903 906
 109 331 895 892
 346 112 904 901
 108 383 897 894
 398 111 900 899
 893 892 926 927
 895 894 924 925
 897 896 922 923
 898 899 935 936
 900 901 933 934
 903 902 928 929
 904 905 931 932
 902 893 927 928
 905 906 930 931
 906 903 929 930
 892 895 925 926
 901 904 932 933
 894 897 923 924
 899 900 934 935
 923 922 911 912
 924 923 912 909
 925 924 909 910
 926 925 910 907
 927 926 907 908
 928 927 908 917
 929 928 917 918
 930 929 918 921
 931 930 921 920
 932 931 920 919
 933 932 919 916
 934 933 916 915
 935 934 915 914
 936 935 914 913
 908 907 937 938
 910 909 939 940
 912 911 941 942
 913 914 944 943
 915 916 946 945
 918 917 947 948
 919 920 950 949
 917 908 938 947
 920 921 951 950
 921 918 948 951
 907 910 940 937
 916 919 949 946
 909 912 942 939
 914 915 945 944
 938 937 952 953
 940 939 954 955
 942 941 956 957
 943 944 959 958
 945 946 961 960
 948 947 962 963
 949 950 965 964
 947 938 953 962
 950 951 966 965
 951 948 963 966
 937 940 955 952
 946 949 964 961
 939 942 957 954
 944 945 960 959
 953 952 967 968
 955 954 969 970
 957 956 971 972
 958 959 974 973
 960 961 976 975
 963 962 977 978
 964 965 980 979
 962 953 968 977
 965 966 981 980
 966 963 978 981
 952 955 970 967
 961 964 979 976
 954 957 972 969
 959 960 975 974
 968 967 982 983
 970 969 984 985
 972 971 986 987
 973 974 989 988
 975 976 991 990
 978 977 992 993
 979 980 995 994
 977 968 983 992
 980 981 996 995
 981 978 993 996
 967 970 985 982
 976 979 994 991
 969 972 987 984
 974 975 990 989
 1027 1302 1301 1003
 1300 1299 1093 1197
 1295 1294 1264 1008
 1091 1200 1199 1092
 1188 1027 1003 1189
 1190 1198 1197 1093
 1295 1008 1217 1296
 1008 1193 1218 1217
 1011 1030 1220 1219
 1030 1011 1262 1261
 1264 1263 1193 1008
 1293 1622 1621 1004
 1004 1621 1620 1194
 1031 999 1619 1618
 1556 1555 1302 1027
 1557 1556 1027 1188
 1560 1559 1200 1091
 1030 1566 1565 1220
 1566 1030 1261 1567
 1036 1019 1032 1035
 1037 1017 1196 1195
 1292 1291 1017 1037
 1297 1038 1376 1375
 1192 1377 1376 1038
 1040 1379 1378 1039
 1564 1563 1379 1040
 1255 1254 1072 1049
 1048 1074 1241 1240
 1284 1283 1063 1075
 73 106 1336 1335
 1568 1031 1618 1617
 1032 1570 1569 1035
 1615 1614 1016 1235
 1276 1156 1155 1277
 1233 1018 1033 1234
 1067 1278 1613 1612
 1502 1116 1274 1503
 1326 1505 1504 1115
 1500 1117 1231 1501
 1499 1249 1117 1500
 1496 1119 1246 1497
 1494 1120 1289 1495
 560 163 1341 1493
 1562 1561 1397 1029
 1029 1397 1396 1010
 1191 1395 1394 1009
 1393 1298 1009 1394
 1002 1187 1186 1026
 1303 1002 1026 1304
 1201 1090 1089 1202
 1236 1235 1016 1021
 1013 1024 1399 1398
 1279 1278 1067 1068
 29 36 1331 1330
 140 1340 1339 148
 1109 1103 1288 1287
 1110 1104 1245 1244
 1251 1250 1106 1112
 1112 1106 1230 1229
 1113 1107 1273 1272
 1114 1108 1325 1324
 545 148 1339 1480
 1481 1109 1287 1482
 1483 1110 1244 1484
 1486 1251 1112 1487
 1327 1326 1115 1076
 1116 1077 1275 1274
 1117 1080 1232 1231
 1249 1248 1080 1117
 1119 1079 1247 1246
 1120 1078 1290 1289
 163 110 1342 1341
 1487 1112 1229 1488
 1113 1272 1490 1489
 1324 1492 1491 1114
 1216 1065 1323 1322
 1215 1006 1271 1270
 1304 1026 1044 1305
 1202 1089 1102 1203
 1026 1186 1185 1044
 1225 1049 1072 1226
 1306 1901 1902 1135
 1135 1902 1903 1184
 1204 1905 1906 1129
 1212 1050 1071 1213
 1256 1417 1416 1014
 1137 1912 1913 1257
 1280 1279 1068 1099
 1237 1236 1021 1100
 1421 1282 1062 1422
 1005 1420 1419 1239
 4 483 1423 1334
 36 139 1332 1331
 1238 1915 1916 1139
 1281 1917 1918 1140
 1333 1919 1920 187
 1400 1399 1024 1096
 1401 1907 1908 1130
 1223 1911 1912 1137
 1042 1414 1413 1384
 1224 1014 1416 1415
 1141 1383 1909 1910
 1137 1014 1224 1223
 1257 1256 1014 1137
 1139 1005 1239 1238
 1140 1062 1282 1281
 187 4 1334 1333
 1141 1042 1384 1383
 1345 1361 1360 1346
 1409 1408 1361 1345
 1330 1611 688 29
 1328 33 51 1329
 1360 1405 1404 1346
 1385 1050 1212 1386
 1373 1348 1347 1359
 1343 1363 1362 1344
 1370 1351 1350 1371
 1365 1356 1355 1366
 1351 1370 1369 1352
 1321 1320 1172 1125
 1269 1268 1173 1124
 1176 1122 1121 1175
 1387 1122 1176 1388
 1364 1357 1356 1365
 1350 1349 1372 1371
 1903 1904 1136 1184
 1186 1025 1101 1185
 1187 1000 1025 1186
 1558 1557 1188 1028
 1028 1188 1189 998
 1092 1199 1198 1190
 1010 1396 1395 1191
 1039 1378 1377 1192
 1193 1011 1219 1218
 1263 1262 1011 1193
 1620 1619 999 1194
 1196 1019 1036 1195
 1301 1300 1197 1003
 1198 1189 1003 1197
 1199 998 1189 1198
 1200 1028 998 1199
 1559 1558 1028 1200
 1000 1201 1202 1025
 1025 1202 1203 1101
 1136 1904 1905 1204
 1373 1372 1349 1348
 1357 1364 1363 1343
 1212 1122 1387 1386
 1122 1212 1213 1121
 1124 1215 1270 1269
 1125 1216 1322 1321
 1296 1217 1038 1297
 1218 1192 1038 1217
 1219 1039 1192 1218
 1220 1040 1039 1219
 1565 1564 1040 1220
 1141 1910 1911 1223
 1224 1042 1141 1223
 1042 1224 1415 1414
 1050 1225 1226 1071
 1229 1113 1489 1488
 1229 1230 1107 1113
 1231 1116 1502 1501
 1232 1077 1116 1231
 1020 1233 1234 1034
 1616 1615 1235 1001
 1022 1001 1235 1236
 1098 1022 1236 1237
 1138 1914 1915 1238
 1239 997 1138 1238
 1419 1418 997 1239
 1241 1073 1052 1240
 1244 1111 1485 1484
 1244 1245 1105 1111
 1246 1118 1498 1497
 1247 1081 1118 1246
 1118 1081 1248 1249
 1498 1118 1249 1499
 1111 1105 1250 1251
 1485 1111 1251 1486
 1052 1073 1254 1255
 997 1418 1417 1256
 1138 997 1256 1257
 1913 1914 1138 1257
 1259 1022 1098 1258
 1022 1259 1260 1001
 1261 1031 1568 1567
 1262 999 1031 1261
 1194 999 1262 1263
 1004 1194 1263 1264
 1294 1293 1004 1264
 1125 1172 1268 1269
 1270 1216 1125 1269
 1271 1065 1216 1270
 1272 1114 1491 1490
 1272 1273 1108 1114
 1274 1115 1504 1503
 1275 1076 1115 1274
 1018 1276 1277 1033
 1278 1016 1614 1613
 1021 1016 1278 1279
 1100 1021 1279 1280
 1139 1916 1917 1281
 1282 1005 1139 1281
 1420 1005 1282 1421
 1074 1048 1283 1284
 1287 1110 1483 1482
 1287 1288 1104 1110
 1289 1119 1496 1495
 1290 1079 1119 1289
 57 30 1291 1292
 6 701 1622 1293
 319 6 1293 1294
 19 319 1294 1295
 19 1295 1296 270
 270 1296 1297 58
 58 1297 1375 431
 451 18 1298 1393
 248 129 1299 1300
 5 248 1300 1301
 1302 44 5 1301
 1555 629 44 1302
 9 1303 1304 43
 43 1304 1305 66
 180 1900 1901 1306
 1307 121 180 1306
 1308 15 121 1307
 1312 78 450 1392
 78 1312 1313 98
 169 222 1320 1321
 1322 269 169 1321
 1323 14 269 1322
 155 559 1492 1324
 1324 1325 147 155
 156 574 1505 1326
 107 156 1326 1327
 1156 1328 1329 1155
 1067 1612 1611 1330
 1331 1068 1067 1330
 1332 1099 1068 1331
 1140 1918 1919 1333
 1334 1062 1140 1333
 1423 1422 1062 1334
 1336 1075 1063 1335
 1339 1109 1481 1480
 1339 1340 1103 1109
 1341 1120 1494 1493
 1342 1078 1120 1341
 1152 1406 1405 1360
 1361 1153 1152 1360
 1408 1407 1153 1361
 1363 1208 1150 1362
 1364 1147 1208 1363
 1147 1364 1365 1180
 1180 1365 1366 1166
 1370 1149 1168 1369
 1149 1370 1371 1181
 1372 1148 1181 1371
 1207 1148 1372 1373
 1151 1207 1373 1359
 431 1375 1298 18
 1376 1009 1298 1375
 1377 1191 1009 1376
 1378 1010 1191 1377
 1379 1029 1010 1378
 1563 1562 1029 1379
 1383 1130 1908 1909
 1384 1131 1130 1383
 1413 1412 1131 1384
 1134 1385 1386 1211
 1387 1132 1211 1386
 1132 1387 1388 1177
 450 172 1311 1392
 129 451 1393 1299
 1299 1393 1394 1093
 1395 1190 1093 1394
 1396 1092 1190 1395
 1397 1091 1092 1396
 1561 1560 1091 1397
 1399 1089 1090 1398
 1102 1089 1399 1400
 1129 1906 1907 1401
 1405 1359 1347 1404
 1406 1151 1359 1405
 1362 1150 1407 1408
 1344 1362 1408 1409
 1385 1134 1412 1413
 1414 1050 1385 1413
 1415 1225 1050 1414
 1416 1049 1225 1415
 1417 1255 1049 1416
 1418 1052 1255 1417
 1240 1052 1418 1419
 1420 1048 1240 1419
 1048 1420 1421 1283
 1283 1421 1422 1063
 1335 1063 1422 1423
 483 73 1335 1423
 71 1315 1316 320
 94 320 1316 1317
 1450 1315 71 517
 1142 1130 1131 1144
 1144 1131 1412 1411
 1455 1142 1144 1456
 1456 1144 1411 1457
 1312 1053 1069 1313
 1458 1069 1053 1460
 1462 1205 1088 1461
 1088 1205 1204 1129
 1142 1402 1401 1130
 1463 1402 1142 1455
 1086 1307 1306 1135
 1183 1086 1135 1184
 1007 1308 1307 1086
 1464 1086 1183 1465
 1210 1145 1134 1211
 1466 1145 1210 1467
 1053 1312 1392 1391
 1468 1007 1086 1464
 1460 1053 1391 1470
 1178 1146 1132 1177
 1476 1146 1178 1474
 1465 1183 1045 1477
 1045 1183 1184 1136
 1205 1045 1136 1204
 1477 1045 1205 1462
 1467 1210 1146 1476
 1146 1210 1211 1132
 1343 1344 1051 1209
 1410 1409 1345 1046
 1046 1345 1346 1143
 1403 1143 1346 1404
 1206 1094 1347 1348
 1127 1206 1348 1349
 1182 1127 1349 1350
 1351 1087 1182 1350
 1087 1351 1352 1163
 1126 1179 1356 1357
 1357 1343 1209 1126
 1470 1391 1128 1471
 1311 1128 1391 1392
 1402 1088 1129 1401
 1461 1088 1402 1463
 1094 1403 1404 1347
 1051 1344 1409 1410
 1457 1411 1145 1466
 1145 1411 1412 1134
 510 1448 1450 517
 1464 1087 1163 1468
 1465 1182 1087 1464
 1477 1127 1182 1465
 1462 1206 1127 1477
 1461 1094 1206 1462
 1463 1403 1094 1461
 1455 1143 1403 1463
 1456 1046 1143 1455
 1457 1410 1046 1456
 1466 1051 1410 1457
 1467 1209 1051 1466
 1476 1126 1209 1467
 1474 1179 1126 1476
 118 545 1480 1338
 1481 1084 1338 1480
 1084 1481 1482 1286
 1483 1085 1286 1482
 1085 1483 1484 1243
 1485 1083 1243 1484
 1083 1485 1486 1252
 1252 1486 1487 1082
 1082 1487 1488 1228
 1489 1006 1228 1488
 1490 1271 1006 1489
 1491 1065 1271 1490
 1492 1323 1065 1491
 559 14 1323 1492
 140 560 1493 1340
 1494 1103 1340 1493
 1103 1494 1495 1288
 1496 1104 1288 1495
 1104 1496 1497 1245
 1498 1105 1245 1497
 1105 1498 1499 1250
 1250 1499 1500 1106
 1106 1500 1501 1230
 1502 1107 1230 1501
 1107 1502 1503 1273
 1504 1108 1273 1503
 1505 1325 1108 1504
 574 147 1325 1505
 1506 1332 139 575
 1507 1099 1332 1506
 1508 1280 1099 1507
 1509 1100 1280 1508
 1510 1237 1100 1509
 1511 1098 1237 1510
 1258 1098 1511 1512
 1516 1382 1095 1515
 1517 1096 1382 1516
 1518 1400 1096 1517
 1519 1102 1400 1518
 1520 1203 1102 1519
 1521 1101 1203 1520
 1185 1101 1521 1522
 1523 1044 1185 1522
 1524 1305 1044 1523
 595 66 1305 1524
 1070 1054 1176 1175
 1176 1054 1389 1388
 1388 1389 1133 1177
 1525 1157 1161 1527
 1527 1161 1390 1528
 1179 1170 1355 1356
 1161 1157 1458 1460
 1470 1390 1161 1460
 1527 1054 1070 1525
 1528 1389 1054 1527
 1177 1133 1169 1178
 1178 1169 1473 1474
 1170 1179 1474 1473
 1355 1354 1367 1366
 1167 1166 1366 1367
 1170 1164 1354 1355
 1471 1128 1154 1472
 1168 1167 1368 1369
 1390 1162 1529 1528
 1471 1162 1390 1470
 1529 1133 1389 1528
 15 1308 1309 215
 1308 1007 1165 1309
 1469 1165 1007 1468
 1475 1473 1169 1530
 1164 1170 1473 1475
 1530 1169 1133 1529
 1162 1171 1530 1529
 1472 1171 1162 1471
 1167 1367 1374 1368
 1353 1352 1369 1368
 1358 1374 1367 1354
 1015 1163 1352 1353
 1163 1015 1469 1468
 1530 1171 1534 1539
 1171 1472 1533 1534
 1358 1354 1164 1475
 1540 1534 1533 1538
 1368 1374 1535 1353
 1535 1539 1534 1540
 1539 1358 1475 1530
 1535 1374 1358 1539
 1540 1015 1353 1535
 1538 1469 1015 1540
 1531 613 608 1536
 1311 172 202 1310
 1128 1311 1310 1154
 1154 1310 1531 1532
 1532 1531 1536 1537
 1472 1154 1532 1533
 1533 1532 1537 1538
 1165 1469 1538 1537
 1309 1165 1537 1536
 215 1309 1536 608
 1531 1310 202 613
 1059 1072 1254 1253
 1074 1055 1242 1241
 1285 1284 1075 1064
 1337 1336 106 82
 1082 1437 1436 1252
 1338 1430 490 118
 1286 1432 1431 1084
 1243 1434 1433 1085
 1438 1437 1082 1228
 1226 1072 1059 1227
 1440 1439 1006 1215
 1213 1071 1058 1214
 1442 1441 1124 1173
 1175 1121 1123 1174
 1121 1213 1214 1123
 1441 1440 1215 1124
 1071 1226 1227 1058
 1439 1438 1228 1006
 1060 1073 1241 1242
 1083 1435 1434 1243
 1435 1083 1252 1436
 1253 1254 1073 1060
 1055 1074 1284 1285
 1085 1433 1432 1286
 1064 1075 1336 1337
 1084 1431 1430 1338
 1541 1337 82 614
 1542 1064 1337 1541
 1543 1285 1064 1542
 1544 1055 1285 1543
 1545 1242 1055 1544
 1546 1060 1242 1545
 1547 1253 1060 1546
 1548 1059 1253 1547
 1549 1227 1059 1548
 1550 1058 1227 1549
 1551 1214 1058 1550
 1552 1123 1214 1551
 1553 1174 1123 1552
 1552 1441 1442 1553
 1551 1440 1441 1552
 1550 1439 1440 1551
 1549 1438 1439 1550
 1548 1437 1438 1549
 1547 1436 1437 1548
 1546 1435 1436 1547
 1545 1434 1435 1546
 1544 1433 1434 1545
 1543 1432 1433 1544
 1542 1431 1432 1543
 1541 1430 1431 1542
 614 490 1430 1541
 1303 9 629 1555
 1002 1303 1555 1556
 1187 1002 1556 1557
 1000 1187 1557 1558
 1201 1000 1558 1559
 1090 1201 1559 1560
 1398 1090 1560 1561
 1013 1398 1561 1562
 1380 1013 1562 1563
 1012 1566 1567 1260
 1568 1001 1260 1567
 1001 1568 1617 1616
 1570 1020 1034 1569
 222 65 1319 1320
 1427 1425 1159 1451
 1047 1315 1450 1449
 1449 1576 1577 1047
 1448 1447 1449 1450
 1447 1582 1576 1449
 1446 1445 1425 1427
 1587 1319 65 664
 1576 1427 1451 1577
 1582 1446 1427 1576
 664 209 1318 1587
 98 1313 1314 83
 83 1314 1479 544
 1448 510 544 1479
 1056 1314 1313 1069
 1459 1056 1069 1458
 1056 1588 1581 1478
 1314 1056 1478 1479
 1447 1448 1479 1478
 1478 1581 1582 1447
 1426 1424 1445 1446
 1158 1586 1580 1459
 1157 1158 1459 1458
 1581 1426 1446 1582
 1580 1426 1581 1588
 1424 1426 1580 1586
 1459 1580 1588 1056
 1315 1047 1265 1316
 1317 1316 1265 1066
 1047 1577 1578 1265
 1265 1578 1579 1066
 1318 209 647 1571
 1317 1454 518 94
 702 518 1454 1623
 1578 1452 1453 1579
 1577 1451 1452 1578
 1066 1579 1454 1317
 1318 1599 1598 1587
 1454 1601 1624 1623
 1571 1600 1599 1318
 1453 1603 1602 1579
 1579 1602 1601 1454
 1057 1070 1175 1174
 1174 1553 1554 1057
 1158 1157 1525 1526
 1526 1585 1586 1158
 1070 1057 1526 1525
 1057 1597 1585 1526
 1442 1443 1554 1553
 1585 1429 1424 1586
 1584 1429 1585 1597
 1443 1583 1584 1554
 1444 1445 1424 1429
 1583 1444 1429 1584
 1554 1584 1597 1057
 1599 1592 1590 1598
 1600 1594 1592 1599
 1601 1593 1625 1624
 1602 1596 1593 1601
 1603 1595 1596 1602
 1451 1159 1266 1452
 1452 1266 1160 1453
 1160 1604 1603 1453
 1604 1591 1595 1603
 1320 1319 1061 1172
 1268 1267 1043 1173
 1172 1061 1267 1268
 1445 1444 1428 1425
 1443 1442 1173 1043
 1575 1583 1443 1043
 1444 1583 1575 1428
 1609 1573 1428 1575
 1573 1159 1425 1428
 1574 1061 1319 1587
 1610 1572 1573 1609
 1574 1606 1572 1610
 1572 1266 1159 1573
 1606 1160 1266 1572
 1598 1605 1574 1587
 1604 1160 1606 1607
 1591 1604 1607 1608
 1590 1589 1605 1598
 1605 1589 1608 1607
 1574 1605 1607 1606
 1610 1267 1061 1574
 1609 1043 1267 1610
 1575 1043 1609
 1611 1329 51 688
 1612 1155 1329 1611
 1613 1277 1155 1612
 1614 1033 1277 1613
 1234 1033 1614 1615
 1034 1234 1615 1616
 1617 1569 1034 1616
 1618 1035 1569 1617
 1619 1036 1035 1618
 1195 1036 1619 1620
 1621 1037 1195 1620
 1622 1292 1037 1621
 701 57 1292 1622
 647 702 1623 1571
 1624 1600 1571 1623
 1625 1594 1600 1624
 1697 1637 1636 1698
 1696 1638 1637 1697
 1695 1639 1638 1696
 1694 1640 1639 1695
 1637 1630 1631 1636
 1638 1632 1630 1637
 1639 1633 1632 1638
 1645 1630 1632 1644
 1631 1630 1645 1646
 1653 1645 1644 1651
 1666 1688 1687 1665
 1628 1660 1627 1659
 1665 1653 1651 1666
 1664 1686 1685 1667
 1663 1628 1659 1661
 1655 1646 1645 1653
 1687 1686 1664 1665
 1655 1653 1665 1664
 1654 1667 1685 1684
 1654 1655 1664 1667
 1023 1012 1260 1259
 1097 1023 1259 1258
 1513 1097 1258 1512
 1222 1097 1513 1514
 1095 1222 1514 1515
 1626 1640 1694 1693
 1640 1626 1633 1639
 1633 1650 1644 1632
 1690 1689 1652 1674
 1656 1651 1644 1650
 1652 1689 1688 1666
 1651 1656 1652 1666
 1013 1681 1381 1024
 1024 1381 1382 1096
 1649 1648 1642 1641
 1641 1642 1663 1661
 1013 1380 1681
 1659 1627 1657 1658
 1705 1704 1658 1657
 1685 1663 1642 1684
 1686 1628 1663 1685
 1660 1628 1686 1687
 1688 1627 1660 1687
 1689 1657 1627 1688
 1694 1012 1023 1693
 1012 1694 1695 1566
 1566 1695 1696 1565
 1565 1696 1697 1564
 1564 1697 1698 1563
 1698 1636 1635 1699
 1631 1629 1635 1636
 1629 1631 1646 1647
 1647 1646 1655 1654
 1682 1629 1647 1683
 1679 1701 1700 1634
 1683 1647 1654 1684
 1648 1649 1679 1634
 1700 1699 1635 1711
 1648 1634 1682 1683
 1648 1683 1684 1642
 1698 1699 1380 1563
 1700 1681 1380 1699
 1701 1381 1681 1700
 1711 1635 1629 1682
 1682 1634 1700 1711
 1716 1723 1722 1715
 1633 1626 1643 1650
 1626 1693 1692 1643
 1674 1652 1656 1673
 1650 1643 1673 1656
 1657 1689 1690 1675
 1649 1641 1680 1679
 1661 1659 1658 1662
 1662 1680 1641 1661
 1704 1703 1662 1658
 1669 1670 1704 1705
 1669 1712 1713 1670
 1719 1720 1713 1712
 1713 1720 1721 1714
 1721 1723 1716 1714
 1677 1709 1710 1672
 1716 1715 1672 1710
 1221 1023 1097 1222
 1023 1221 1692 1693
 1381 1041 1095 1382
 1701 1679 1680 1702
 1662 1703 1702 1680
 1381 1701 1702 1041
 1702 1703 1671
 1670 1671 1703 1704
 1670 1713 1714 1671
 1714 1716 1710 1671
 1222 1095 1041 1221
 1671 1728 1041 1702
 1709 1728 1671 1710
 1153 1730 1729 1152
 1152 1729 1731 1406
 1407 1732 1730 1153
 1207 1734 1733 1148
 1147 1735 1736 1208
 1148 1733 1737 1181
 1180 1738 1735 1147
 1149 1739 1740 1168
 1168 1740 1741 1167
 1167 1741 1742 1166
 1166 1742 1738 1180
 1181 1737 1739 1149
 1151 1743 1734 1207
 1208 1736 1744 1150
 1406 1731 1743 1151
 1150 1744 1732 1407
 1735 1746 1747 1736
 1738 1748 1746 1735
 1736 1747 1749 1744
 1744 1749 1745 1732
 1729 1730 1751 1750
 1729 1750 1752 1731
 1730 1732 1753 1751
 1733 1734 1755 1754
 1735 1756 1757 1736
 1733 1754 1758 1737
 1735 1738 1759 1756
 1739 1760 1761 1740
 1741 1740 1761 1762
 1742 1741 1762 1763
 1738 1742 1763 1759
 1737 1758 1760 1739
 1734 1743 1764 1755
 1736 1757 1765 1744
 1731 1752 1764 1743
 1732 1744 1765 1753
 30 864 1783 1291
 1018 1785 1787 1276
 1017 1789 1791 1196
 1019 1793 1795 1032
 1233 1797 1785 1018
 1032 1795 1799 1570
 1156 1801 1803 1328
 1196 1791 1793 1019
 1020 1805 1797 1233
 1276 1787 1801 1156
 1291 1783 1789 1017
 1328 1803 891 33
 1570 1799 1805 1020
 1718 1712 1669 1676
 1767 1718 1676 1766
 1722 1724 1717 1715
 1718 1725 1719 1712
 1768 1725 1718 1767
 1705 1657 1675 1706
 1669 1705 1706 1676
 1691 1673 1643 1692
 1673 1691 1690 1674
 1675 1690 1691 1726
 1767 1717 1724 1768
 1678 1708 1709 1677
 1678 1677 1672 1668
 1715 1717 1668 1672
 1706 1675 1726 1707
 1766 1676 1706 1707
 1692 1221 1727 1691
 1727 1221 1041 1728
 1727 1707 1726 1691
 1727 1708 1769 1707
 1728 1709 1708 1727
 1668 1717 1767 1766
 1707 1769 1668 1766
 1769 1708 1678 1668
 865 850 1770 1782
 1784 1771 1772 1786
 1788 1773 1774 1790
 1792 1775 1776 1794
 1796 1777 1771 1784
 1794 1776 1778 1798
 1800 1779 1780 1802
 1790 1774 1775 1792
 1804 1781 1777 1796
 1786 1772 1779 1800
 1782 1770 1773 1788
 1802 1780 863 890
 1798 1778 1781 1804
 865 1782 1783 864
 1782 1788 1789 1783
 1785 1797 1796 1784
 1784 1786 1787 1785
 1786 1800 1801 1787
 1788 1790 1791 1789
 1790 1792 1793 1791
 1792 1794 1795 1793
 1794 1798 1799 1795
 1797 1805 1804 1796
 1798 1804 1805 1799
 1800 1802 1803 1801
 1802 890 891 1803
 1232 1807 1806 1077
 1275 1809 1808 1076
 1327 1810 896 107
 110 898 1811 1342
 1078 1812 1813 1290
 1248 1815 1814 1080
 1079 1816 1817 1247
 1080 1814 1807 1232
 1247 1817 1818 1081
 1081 1818 1815 1248
 1077 1806 1809 1275
 1290 1813 1816 1079
 1076 1808 1810 1327
 1342 1811 1812 1078
 1807 1836 1835 1806
 1809 1834 1833 1808
 1810 1832 922 896
 898 936 1844 1811
 1812 1843 1842 1813
 1815 1838 1837 1814
 1816 1841 1840 1817
 1814 1837 1836 1807
 1817 1840 1839 1818
 1818 1839 1838 1815
 1806 1835 1834 1809
 1813 1842 1841 1816
 1808 1833 1832 1810
 1811 1844 1843 1812
 1832 1823 911 922
 1833 1821 1823 1832
 1834 1822 1821 1833
 1835 1819 1822 1834
 1836 1820 1819 1835
 1837 1827 1820 1836
 1838 1828 1827 1837
 1839 1831 1828 1838
 1840 1830 1831 1839
 1841 1829 1830 1840
 1842 1826 1829 1841
 1843 1825 1826 1842
 1844 1824 1825 1843
 936 913 1824 1844
 1820 1846 1845 1819
 1822 1848 1847 1821
 1823 1849 941 911
 913 943 1850 1824
 1825 1851 1852 1826
 1828 1854 1853 1827
 1829 1855 1856 1830
 1827 1853 1846 1820
 1830 1856 1857 1831
 1831 1857 1854 1828
 1819 1845 1848 1822
 1826 1852 1855 1829
 1821 1847 1849 1823
 1824 1850 1851 1825
 1846 1859 1858 1845
 1848 1861 1860 1847
 1849 1862 956 941
 943 958 1863 1850
 1851 1864 1865 1852
 1854 1867 1866 1853
 1855 1868 1869 1856
 1853 1866 1859 1846
 1856 1869 1870 1857
 1857 1870 1867 1854
 1845 1858 1861 1848
 1852 1865 1868 1855
 1847 1860 1862 1849
 1850 1863 1864 1851
 1859 1872 1871 1858
 1861 1874 1873 1860
 1862 1875 971 956
 958 973 1876 1863
 1864 1877 1878 1865
 1867 1880 1879 1866
 1868 1881 1882 1869
 1866 1879 1872 1859
 1869 1882 1883 1870
 1870 1883 1880 1867
 1858 1871 1874 1861
 1865 1878 1881 1868
 1860 1873 1875 1862
 1863 1876 1877 1864
 1872 1885 1884 1871
 1874 1887 1886 1873
 1875 1888 986 971
 973 988 1889 1876
 1877 1890 1891 1878
 1880 1893 1892 1879
 1881 1894 1895 1882
 1879 1892 1885 1872
 1882 1895 1896 1883
 1883 1896 1893 1880
 1871 1884 1887 1874
 1878 1891 1894 1881
 1873 1886 1888 1875
 1876 1889 1890 1877
 1898 1897 592 593
 1899 1898 593 594
 1900 1899 594 595
 1901 1900 595 1524
 1902 1901 1524 1523
 1903 1902 1523 1522
 1522 1521 1904 1903
 1905 1904 1521 1520
 1906 1905 1520 1519
 1907 1906 1519 1518
 1908 1907 1518 1517
 1909 1908 1517 1516
 1910 1909 1516 1515
 1911 1910 1515 1514
 1912 1911 1514 1513
 1913 1912 1513 1512
 1512 1511 1914 1913
 1915 1914 1511 1510
 1916 1915 1510 1509
 1917 1916 1509 1508
 1918 1917 1508 1507
 1919 1918 1507 1506
 1920 1919 1506 575
 1921 1920 575 576
 1922 1921 576 577
 1923 1922 577 578
 1924 1923 578 579
 1925 1924 579 580
 1926 1925 580 581
 582 1927 1926 581
 1928 1927 582 583
 1929 1928 583 584
 1930 1929 584 585
 1931 1930 585 586
 1932 1931 586 587
 1933 1932 587 588
 1934 1933 588 589
 1935 1934 589 590
 1936 1935 590 591
 592 1897 1936 591
