 45 11 357 358
 356 249 128 355
 351 20 318 350
 126 127 251 252
 239 240 11 45
 241 128 249 250
 351 352 271 20
 20 271 272 244
 23 273 274 48
 48 315 316 23
 318 20 244 317
 349 12 699 700
 12 245 698 699
 49 696 697 3
 631 45 358 630
 632 239 45 631
 635 126 252 634
 48 274 640 641
 641 642 315 48
 55 54 50 34
 56 246 247 31
 348 56 31 347
 353 432 433 59
 243 59 433 434
 61 60 435 436
 639 61 436 638
 309 74 102 308
 72 294 295 104
 340 105 91 339
 73 391 392 106
 643 695 696 49
 50 54 644 645
 693 289 28 692
 332 333 203 204
 287 288 52 32
 96 690 691 334
 570 571 330 158
 382 157 572 573
 568 569 285 159
 567 568 159 303
 564 565 300 161
 562 563 345 162
 560 561 397 163
 637 47 456 636
 47 22 455 456
 242 21 453 454
 452 453 21 354
 10 42 237 238
 359 360 42 10
 253 254 124 125
 290 37 28 289
 25 457 458 40
 335 97 96 334
 29 386 387 36
 140 148 395 396
 149 343 344 141
 150 298 299 142
 305 152 144 304
 152 283 284 144
 153 328 329 145
 154 380 381 146
 545 546 395 148
 547 548 343 149
 549 550 298 150
 552 553 152 305
 383 108 157 382
 158 330 331 109
 159 285 286 113
 303 159 113 302
 161 300 301 112
 162 345 346 111
 163 397 398 110
 553 554 283 152
 153 555 556 328
 380 154 557 558
 268 378 379 93
 267 326 327 16
 360 361 67 42
 254 255 138 124
 42 67 236 237
 279 280 102 74
 362 181 1898 1899
 181 235 1897 1898
 256 174 1934 1935
 264 265 101 75
 310 26 475 476
 183 311 1927 1928
 336 135 97 335
 291 136 37 290
 480 481 90 338
 13 293 478 479
 4 390 482 483
 36 387 388 139
 292 185 1924 1925
 337 186 1922 1923
 389 187 1920 1921
 459 132 40 458
 460 175 1932 1933
 277 183 1928 1929
 63 441 472 473
 278 474 475 26
 188 1930 1931 440
 183 277 278 26
 311 183 26 310
 185 292 293 13
 186 337 338 90
 187 389 390 4
 188 440 441 63
 401 402 416 417
 468 401 417 467
 386 29 688 689
 384 385 51 33
 416 402 463 464
 442 443 264 75
 429 415 403 404
 399 400 418 419
 426 427 406 407
 421 422 411 412
 407 408 425 426
 377 168 223 376
 325 167 224 324
 227 226 164 165
 444 445 227 165
 420 421 412 413
 406 427 428 405
 1936 1897 235 182
 237 236 137 41
 238 237 41 7
 633 46 239 632
 46 2 240 239
 127 241 250 251
 22 242 454 455
 60 243 434 435
 244 272 273 23
 317 244 23 316
 698 245 3 697
 247 246 55 34
 357 11 249 356
 250 249 11 240
 251 250 240 2
 252 251 2 46
 634 252 46 633
 7 41 254 253
 41 137 255 254
 182 256 1935 1936
 429 404 405 428
 413 399 419 420
 264 443 444 165
 165 164 265 264
 167 325 326 267
 168 377 378 268
 352 353 59 271
 272 271 59 243
 273 272 243 60
 274 273 60 61
 640 274 61 639
 188 277 1929 1930
 278 277 188 63
 63 473 474 278
 75 101 280 279
 283 554 555 153
 283 153 145 284
 285 569 570 158
 286 285 158 109
 35 53 288 287
 694 8 289 693
 38 290 289 8
 134 291 290 38
 184 292 1925 1926
 293 292 184 1
 478 293 1 477
 295 294 77 103
 298 550 551 151
 298 151 143 299
 300 565 566 160
 301 300 160 114
 160 303 302 114
 566 567 303 160
 151 305 304 143
 551 552 305 151
 77 309 308 103
 1 310 476 477
 184 311 310 1
 1927 311 184 1926
 313 312 134 38
 38 8 314 313
 315 642 643 49
 316 315 49 3
 245 317 316 3
 12 318 317 245
 350 318 12 349
 168 325 324 223
 326 325 168 268
 327 326 268 93
 328 556 557 154
 328 154 146 329
 330 571 572 157
 331 330 157 108
 32 52 333 332
 334 691 692 28
 37 335 334 28
 136 336 335 37
 185 337 1923 1924
 338 337 185 13
 479 480 338 13
 104 340 339 72
 343 548 549 150
 343 150 142 344
 345 563 564 161
 346 345 161 112
 57 348 347 30
 6 349 700 701
 319 350 349 6
 19 351 350 319
 19 270 352 351
 270 58 353 352
 58 431 432 353
 451 452 354 18
 248 356 355 129
 5 357 356 248
 358 357 5 44
 630 358 44 629
 9 43 360 359
 43 66 361 360
 180 362 1899 1900
 363 362 180 121
 364 363 121 15
 368 449 450 78
 78 98 369 368
 169 377 376 222
 378 377 169 269
 379 378 269 14
 155 380 558 559
 380 155 147 381
 156 382 573 574
 107 383 382 156
 204 203 385 384
 96 386 689 690
 387 386 96 97
 388 387 97 135
 186 389 1921 1922
 390 389 186 90
 482 390 90 481
 392 391 91 105
 395 546 547 149
 395 149 141 396
 397 561 562 162
 398 397 162 111
 199 416 464 465
 417 416 199 200
 467 417 200 466
 419 418 197 260
 420 419 260 194
 194 231 421 420
 231 216 422 421
 426 425 218 196
 196 232 427 426
 428 427 232 195
 259 429 428 195
 198 415 429 259
 431 18 354 432
 433 432 354 21
 434 433 21 242
 435 434 242 22
 436 435 22 47
 638 436 47 637
 440 1931 1932 175
 441 440 175 176
 472 441 176 471
 179 263 443 442
 444 443 263 177
 177 228 445 444
 450 449 367 172
 129 355 452 451
 355 128 453 452
 454 453 128 241
 455 454 241 127
 456 455 127 126
 636 456 126 635
 458 457 125 124
 138 459 458 124
 174 460 1933 1934
 464 463 403 415
 465 464 415 198
 418 467 466 197
 400 468 467 418
 442 472 471 179
 473 472 442 75
 474 473 75 279
 475 474 279 74
 476 475 74 309
 477 476 309 77
 294 478 477 77
 479 478 294 72
 72 339 480 479
 339 91 481 480
 391 482 481 91
 483 482 391 73
 71 320 372 371
 94 373 372 320
 512 517 71 371
 189 191 176 175
 191 470 471 176
 519 520 191 189
 520 521 470 191
 368 369 99 79
 522 524 79 99
 526 525 123 257
 123 174 256 257
 189 175 460 461
 527 519 189 461
 120 181 362 363
 234 235 181 120
 17 120 363 364
 528 529 234 120
 262 263 179 192
 530 531 262 192
 79 448 449 368
 532 528 120 17
 524 534 448 79
 229 228 177 193
 540 538 229 193
 529 541 68 234
 68 182 235 234
 257 256 182 68
 541 526 257 68
 531 540 193 262
 193 177 263 262
 399 261 76 400
 469 69 401 468
 69 190 402 401
 462 463 402 190
 258 404 403 130
 171 405 404 258
 233 406 405 171
 407 406 233 122
 122 212 408 407
 170 413 412 230
 413 170 261 399
 534 535 173 448
 367 449 448 173
 461 460 174 123
 525 527 461 123
 130 403 463 462
 76 469 468 400
 521 530 192 470
 192 179 471 470
 510 517 512 509
 528 532 212 122
 529 528 122 233
 541 529 233 171
 526 541 171 258
 525 526 258 130
 527 525 130 462
 519 527 462 190
 520 519 190 69
 521 520 69 469
 530 521 469 76
 531 530 76 261
 540 531 261 170
 538 540 170 230
 118 394 546 545
 547 546 394 117
 117 342 548 547
 549 548 342 119
 119 297 550 549
 551 550 297 116
 116 306 552 551
 306 115 553 552
 115 282 554 553
 555 554 282 16
 556 555 16 327
 557 556 327 93
 558 557 93 379
 559 558 379 14
 140 396 561 560
 562 561 396 141
 141 344 563 562
 564 563 344 142
 142 299 565 564
 566 565 299 143
 143 304 567 566
 304 144 568 567
 144 284 569 568
 570 569 284 145
 145 329 571 570
 572 571 329 146
 573 572 146 381
 574 573 381 147
 576 575 139 388
 577 576 388 135
 578 577 135 336
 579 578 336 136
 580 579 136 291
 581 580 291 134
 312 582 581 134
 586 585 131 439
 587 586 439 132
 588 587 132 459
 589 588 459 138
 590 589 138 255
 591 590 255 137
 236 592 591 137
 593 592 236 67
 594 593 67 361
 595 594 361 66
 100 226 227 80
 227 445 446 80
 445 228 178 446
 596 598 210 205
 598 599 447 210
 230 412 411 220
 210 524 522 205
 534 524 210 447
 598 596 100 80
 599 598 80 446
 228 229 219 178
 229 538 537 219
 220 537 538 230
 411 422 423 410
 217 423 422 216
 220 411 410 213
 535 536 201 173
 218 425 424 217
 447 599 600 211
 535 534 447 211
 600 599 446 178
 15 215 365 364
 364 365 214 17
 533 532 17 214
 539 601 219 537
 213 539 537 220
 601 600 178 219
 211 600 601 221
 536 535 211 221
 217 424 430 423
 409 424 425 408
 414 410 423 430
 27 409 408 212
 212 532 533 27
 601 611 605 221
 221 605 604 536
 414 539 213 410
 612 610 604 605
 424 409 606 430
 606 612 605 611
 611 601 539 414
 606 611 414 430
 612 606 409 27
 610 612 27 533
 602 607 608 613
 367 366 202 172
 173 201 366 367
 201 603 602 366
 603 609 607 602
 536 604 603 201
 604 610 609 603
 214 609 610 533
 365 607 609 214
 215 608 607 365
 602 613 202 366
 87 307 308 102
 104 295 296 81
 341 92 105 340
 393 82 106 392
 115 306 497 498
 394 118 490 491
 342 117 492 493
 297 119 494 495
 499 282 115 498
 280 281 87 102
 501 267 16 500
 265 266 86 101
 503 224 167 502
 226 225 166 164
 164 166 266 265
 502 167 267 501
 101 86 281 280
 500 16 282 499
 88 296 295 103
 116 297 495 496
 496 497 306 116
 307 88 103 308
 81 341 340 104
 119 342 493 494
 92 393 392 105
 117 394 491 492
 615 614 82 393
 616 615 393 92
 617 616 92 341
 618 617 341 81
 619 618 81 296
 620 619 296 88
 621 620 88 307
 622 621 307 87
 623 622 87 281
 624 623 281 86
 625 624 86 266
 626 625 266 166
 627 626 166 225
 626 627 503 502
 625 626 502 501
 624 625 501 500
 623 624 500 499
 622 623 499 498
 621 622 498 497
 620 621 497 496
 619 620 496 495
 618 619 495 494
 617 618 494 493
 616 617 493 492
 615 616 492 491
 614 615 491 490
 359 630 629 9
 10 631 630 359
 238 632 631 10
 7 633 632 238
 253 634 633 7
 125 635 634 253
 457 636 635 125
 25 637 636 457
 437 638 637 25
 24 314 642 641
 643 642 314 8
 8 694 695 643
 645 644 53 35
 222 376 375 65
 487 513 207 485
 70 511 512 371
 511 70 653 652
 509 512 511 508
 508 511 652 658
 507 487 485 506
 663 664 65 375
 652 653 513 487
 658 652 487 507
 664 663 374 209
 98 83 370 369
 83 544 543 370
 509 543 544 510
 84 99 369 370
 523 522 99 84
 84 542 657 665
 370 543 542 84
 508 542 543 509
 542 508 658 657
 486 507 506 484
 206 523 656 662
 205 522 523 206
 657 658 507 486
 656 665 657 486
 484 662 656 486
 523 84 665 656
 371 372 321 70
 373 95 321 372
 70 321 654 653
 321 95 655 654
 374 646 647 209
 373 94 518 516
 702 703 516 518
 654 655 515 514
 653 654 514 513
 95 373 516 655
 374 663 675 676
 516 703 704 678
 646 374 676 677
 515 655 679 680
 655 516 678 679
 85 225 226 100
 225 85 628 627
 206 597 596 205
 597 206 662 661
 100 596 597 85
 85 597 661 674
 503 627 628 504
 661 662 484 489
 660 674 661 489
 504 628 660 659
 505 489 484 506
 659 660 489 505
 628 85 674 660
 676 675 667 669
 677 676 669 671
 678 704 705 670
 679 678 670 673
 680 679 673 672
 513 514 322 207
 514 515 208 322
 208 515 680 681
 681 680 672 668
 376 223 89 375
 324 224 64 323
 223 324 323 89
 506 485 488 505
 504 64 224 503
 651 64 504 659
 505 488 651 659
 686 651 488 649
 649 488 485 207
 650 663 375 89
 687 686 649 648
 650 687 648 683
 648 649 207 322
 683 648 322 208
 675 663 650 682
 681 684 683 208
 668 685 684 681
 667 675 682 666
 682 684 685 666
 650 683 684 682
 687 650 89 323
 686 687 323 64
 651 686 64
 689 688 51 385
 690 689 385 203
 691 690 203 333
 692 691 333 52
 288 693 692 52
 53 694 693 288
 695 694 53 644
 696 695 644 54
 697 696 54 55
 246 698 697 55
 699 698 246 56
 700 699 56 348
 701 700 348 57
 647 646 703 702
 704 703 646 677
 705 704 677 671
 777 778 716 717
 776 777 717 718
 775 776 718 719
 774 775 719 720
 717 716 711 710
 718 717 710 712
 719 718 712 713
 725 724 712 710
 711 726 725 710
 733 731 724 725
 746 745 767 768
 708 739 707 740
 745 746 731 733
 744 747 765 766
 743 741 739 708
 735 733 725 726
 767 745 744 766
 735 744 745 733
 734 764 765 747
 734 747 744 735
 39 313 314 24
 133 312 313 39
 583 582 312 133
 276 584 583 133
 131 585 584 276
 706 773 774 720
 720 719 713 706
 713 712 724 730
 770 754 732 769
 736 730 724 731
 732 746 768 769
 731 746 732 736
 25 40 438 761
 40 132 439 438
 729 721 722 728
 721 741 743 722
 25 761 437
 739 738 737 707
 785 737 738 784
 765 764 722 743
 766 765 743 708
 740 767 766 708
 768 767 740 707
 769 768 707 737
 774 773 39 24
 24 641 775 774
 641 640 776 775
 640 639 777 776
 639 638 778 777
 778 779 715 716
 711 716 715 709
 709 727 726 711
 727 734 735 726
 762 763 727 709
 759 714 780 781
 763 764 734 727
 728 714 759 729
 780 791 715 779
 728 763 762 714
 728 722 764 763
 778 638 437 779
 780 779 437 761
 781 780 761 438
 791 762 709 715
 762 791 780 714
 796 795 802 803
 713 730 723 706
 706 723 772 773
 754 753 736 732
 730 736 753 723
 737 755 770 769
 729 759 760 721
 741 742 738 739
 742 741 721 760
 784 738 742 783
 749 785 784 750
 749 750 793 792
 799 792 793 800
 793 794 801 800
 801 794 796 803
 757 752 790 789
 796 790 752 795
 275 276 133 39
 39 773 772 275
 438 439 131 62
 781 782 760 759
 742 760 782 783
 438 62 782 781
 782 751 783
 750 784 783 751
 750 751 794 793
 794 751 790 796
 276 275 62 131
 751 782 62 808
 789 790 751 808
 200 199 809 810
 199 465 811 809
 466 200 810 812
 259 195 813 814
 194 260 816 815
 195 232 817 813
 231 194 815 818
 196 218 820 819
 218 217 821 820
 217 216 822 821
 216 231 818 822
 232 196 819 817
 198 259 814 823
 260 197 824 816
 465 198 823 811
 197 466 812 824
 815 816 827 826
 818 815 826 828
 816 824 829 827
 824 812 825 829
 809 830 831 810
 809 811 832 830
 810 831 833 812
 813 834 835 814
 815 816 837 836
 813 817 838 834
 815 836 839 818
 819 820 841 840
 821 842 841 820
 822 843 842 821
 818 839 843 822
 817 819 840 838
 814 835 844 823
 816 824 845 837
 811 823 844 832
 812 833 845 824
 30 347 867 864
 32 332 871 869
 31 247 875 873
 34 50 879 877
 287 32 869 881
 50 645 883 879
 204 384 887 885
 247 34 877 875
 35 287 881 889
 332 204 885 871
 347 31 873 867
 384 33 891 887
 645 35 889 883
 798 756 749 792
 847 846 756 798
 802 795 797 804
 798 792 799 805
 848 847 798 805
 785 786 755 737
 749 756 786 785
 771 772 723 753
 753 754 770 771
 755 806 771 770
 847 848 804 797
 758 757 789 788
 758 748 752 757
 795 752 748 797
 786 787 806 755
 846 787 786 756
 772 771 807 275
 807 808 62 275
 807 771 806 787
 807 787 849 788
 808 807 788 789
 748 846 847 797
 787 846 748 849
 849 748 758 788
 865 866 851 850
 868 870 853 852
 872 874 855 854
 876 878 857 856
 880 868 852 858
 878 882 859 857
 884 886 861 860
 874 876 856 855
 888 880 858 862
 870 884 860 853
 866 872 854 851
 886 890 863 861
 882 888 862 859
 865 864 867 866
 866 867 873 872
 869 868 880 881
 868 869 871 870
 870 871 885 884
 872 873 875 874
 874 875 877 876
 876 877 879 878
 878 879 883 882
 881 880 888 889
 882 883 889 888
 884 885 887 886
 886 887 891 890
 286 109 892 893
 331 108 894 895
 383 107 896 897
 110 398 899 898
 111 346 901 900
 302 113 902 903
 112 301 905 904
 113 286 893 902
 301 114 906 905
 114 302 903 906
 109 331 895 892
 346 112 904 901
 108 383 897 894
 398 111 900 899
 893 892 926 927
 895 894 924 925
 897 896 922 923
 898 899 935 936
 900 901 933 934
 903 902 928 929
 904 905 931 932
 902 893 927 928
 905 906 930 931
 906 903 929 930
 892 895 925 926
 901 904 932 933
 894 897 923 924
 899 900 934 935
 923 922 911 912
 924 923 912 909
 925 924 909 910
 926 925 910 907
 927 926 907 908
 928 927 908 917
 929 928 917 918
 930 929 918 921
 931 930 921 920
 932 931 920 919
 933 932 919 916
 934 933 916 915
 935 934 915 914
 936 935 914 913
 908 907 937 938
 910 909 939 940
 912 911 941 942
 913 914 944 943
 915 916 946 945
 918 917 947 948
 919 920 950 949
 917 908 938 947
 920 921 951 950
 921 918 948 951
 907 910 940 937
 916 919 949 946
 909 912 942 939
 914 915 945 944
 938 937 952 953
 940 939 954 955
 942 941 956 957
 943 944 959 958
 945 946 961 960
 948 947 962 963
 949 950 965 964
 947 938 953 962
 950 951 966 965
 951 948 963 966
 937 940 955 952
 946 949 964 961
 939 942 957 954
 944 945 960 959
 953 952 967 968
 955 954 969 970
 957 956 971 972
 958 959 974 973
 960 961 976 975
 963 962 977 978
 964 965 980 979
 962 953 968 977
 965 966 981 980
 966 963 978 981
 952 955 970 967
 961 964 979 976
 954 957 972 969
 959 960 975 974
 968 967 982 983
 970 969 984 985
 972 971 986 987
 973 974 989 988
 975 976 991 990
 978 977 992 993
 979 980 995 994
 977 968 983 992
 980 981 996 995
 981 978 993 996
 967 970 985 982
 976 979 994 991
 969 972 987 984
 974 975 990 989
 1027 1302 1301 1003
 1300 1299 1093 1197
 1295 1294 1264 1008
 1091 1200 1199 1092
 1188 1027 1003 1189
 1190 1198 1197 1093
 1295 1008 1217 1296
 1008 1193 1218 1217
 1011 1030 1220 1219
 1030 1011 1262 1261
 1264 1263 1193 1008
 1293 1622 1621 1004
 1004 1621 1620 1194
 1031 999 1619 1618
 1556 1555 1302 1027
 1557 1556 1027 1188
 1560 1559 1200 1091
 1030 1566 1565 1220
 1566 1030 1261 1567
 1036 1019 1032 1035
 1037 1017 1196 1195
 1292 1291 1017 1037
 1297 1038 1376 1375
 1192 1377 1376 1038
 1040 1379 1378 1039
 1564 1563 1379 1040
 1255 1254 1072 1049
 1048 1074 1241 1240
 1284 1283 1063 1075
 73 106 1336 1335
 1568 1031 1618 1617
 1032 1570 1569 1035
 1615 1614 1016 1235
 1276 1156 1155 1277
 1233 1018 1033 1234
 1067 1278 1613 1612
 1502 1116 1274 1503
 1326 1505 1504 1115
 1500 1117 1231 1501
 1499 1249 1117 1500
 1496 1119 1246 1497
 1494 1120 1289 1495
 560 163 1341 1493
 1562 1561 1397 1029
 1029 1397 1396 1010
 1191 1395 1394 1009
 1393 1298 1009 1394
 1002 1187 1186 1026
 1303 1002 1026 1304
 1201 1090 1089 1202
 1236 1235 1016 1021
 1013 1024 1399 1398
 1279 1278 1067 1068
 29 36 1331 1330
 140 1340 1339 148
 1109 1103 1288 1287
 1110 1104 1245 1244
 1251 1250 1106 1112
 1112 1106 1230 1229
 1113 1107 1273 1272
 1114 1108 1325 1324
 545 148 1339 1480
 1481 1109 1287 1482
 1483 1110 1244 1484
 1486 1251 1112 1487
 1327 1326 1115 1076
 1116 1077 1275 1274
 1117 1080 1232 1231
 1249 1248 1080 1117
 1119 1079 1247 1246
 1120 1078 1290 1289
 163 110 1342 1341
 1487 1112 1229 1488
 1113 1272 1490 1489
 1324 1492 1491 1114
 1216 1065 1323 1322
 1215 1006 1271 1270
 1304 1026 1044 1305
 1202 1089 1102 1203
 1026 1186 1185 1044
 1225 1049 1072 1226
 1306 1901 1902 1135
 1135 1902 1903 1184
 1204 1905 1906 1129
 1212 1050 1071 1213
 1256 1417 1416 1014
 1137 1912 1913 1257
 1280 1279 1068 1099
 1237 1236 1021 1100
 1421 1282 1062 1422
 1005 1420 1419 1239
 4 483 1423 1334
 36 139 1332 1331
 1238 1915 1916 1139
 1281 1917 1918 1140
 1333 1919 1920 187
 1400 1399 1024 1096
 1401 1907 1908 1130
 1223 1911 1912 1137
 1042 1414 1413 1384
 1224 1014 1416 1415
 1141 1383 1909 1910
 1137 1014 1224 1223
 1257 1256 1014 1137
 1139 1005 1239 1238
 1140 1062 1282 1281
 187 4 1334 1333
 1141 1042 1384 1383
 1345 1361 1360 1346
 1409 1408 1361 1345
 1330 1611 688 29
 1328 33 51 1329
 1360 1405 1404 1346
 1385 1050 1212 1386
 1373 1348 1347 1359
 1343 1363 1362 1344
 1370 1351 1350 1371
 1365 1356 1355 1366
 1351 1370 1369 1352
 1321 1320 1172 1125
 1269 1268 1173 1124
 1176 1122 1121 1175
 1387 1122 1176 1388
 1364 1357 1356 1365
 1350 1349 1372 1371
 1903 1904 1136 1184
 1186 1025 1101 1185
 1187 1000 1025 1186
 1558 1557 1188 1028
 1028 1188 1189 998
 1092 1199 1198 1190
 1010 1396 1395 1191
 1039 1378 1377 1192
 1193 1011 1219 1218
 1263 1262 1011 1193
 1620 1619 999 1194
 1196 1019 1036 1195
 1301 1300 1197 1003
 1198 1189 1003 1197
 1199 998 1189 1198
 1200 1028 998 1199
 1559 1558 1028 1200
 1000 1201 1202 1025
 1025 1202 1203 1101
 1136 1904 1905 1204
 1373 1372 1349 1348
 1357 1364 1363 1343
 1212 1122 1387 1386
 1122 1212 1213 1121
 1124 1215 1270 1269
 1125 1216 1322 1321
 1296 1217 1038 1297
 1218 1192 1038 1217
 1219 1039 1192 1218
 1220 1040 1039 1219
 1565 1564 1040 1220
 1141 1910 1911 1223
 1224 1042 1141 1223
 1042 1224 1415 1414
 1050 1225 1226 1071
 1229 1113 1489 1488
 1229 1230 1107 1113
 1231 1116 1502 1501
 1232 1077 1116 1231
 1020 1233 1234 1034
 1616 1615 1235 1001
 1022 1001 1235 1236
 1098 1022 1236 1237
 1138 1914 1915 1238
 1239 997 1138 1238
 1419 1418 997 1239
 1241 1073 1052 1240
 1244 1111 1485 1484
 1244 1245 1105 1111
 1246 1118 1498 1497
 1247 1081 1118 1246
 1118 1081 1248 1249
 1498 1118 1249 1499
 1111 1105 1250 1251
 1485 1111 1251 1486
 1052 1073 1254 1255
 997 1418 1417 1256
 1138 997 1256 1257
 1913 1914 1138 1257
 1259 1022 1098 1258
 1022 1259 1260 1001
 1261 1031 1568 1567
 1262 999 1031 1261
 1194 999 1262 1263
 1004 1194 1263 1264
 1294 1293 1004 1264
 1125 1172 1268 1269
 1270 1216 1125 1269
 1271 1065 1216 1270
 1272 1114 1491 1490
 1272 1273 1108 1114
 1274 1115 1504 1503
 1275 1076 1115 1274
 1018 1276 1277 1033
 1278 1016 1614 1613
 1021 1016 1278 1279
 1100 1021 1279 1280
 1139 1916 1917 1281
 1282 1005 1139 1281
 1420 1005 1282 1421
 1074 1048 1283 1284
 1287 1110 1483 1482
 1287 1288 1104 1110
 1289 1119 1496 1495
 1290 1079 1119 1289
 57 30 1291 1292
 6 701 1622 1293
 319 6 1293 1294
 19 319 1294 1295
 19 1295 1296 270
 270 1296 1297 58
 58 1297 1375 431
 451 18 1298 1393
 248 129 1299 1300
 5 248 1300 1301
 1302 44 5 1301
 1555 629 44 1302
 9 1303 1304 43
 43 1304 1305 66
 180 1900 1901 1306
 1307 121 180 1306
 1308 15 121 1307
 1312 78 450 1392
 78 1312 1313 98
 169 222 1320 1321
 1322 269 169 1321
 1323 14 269 1322
 155 559 1492 1324
 1324 1325 147 155
 156 574 1505 1326
 107 156 1326 1327
 1156 1328 1329 1155
 1067 1612 1611 1330
 1331 1068 1067 1330
 1332 1099 1068 1331
 1140 1918 1919 1333
 1334 1062 1140 1333
 1423 1422 1062 1334
 1336 1075 1063 1335
 1339 1109 1481 1480
 1339 1340 1103 1109
 1341 1120 1494 1493
 1342 1078 1120 1341
 1152 1406 1405 1360
 1361 1153 1152 1360
 1408 1407 1153 1361
 1363 1208 1150 1362
 1364 1147 1208 1363
 1147 1364 1365 1180
 1180 1365 1366 1166
 1370 1149 1168 1369
 1149 1370 1371 1181
 1372 1148 1181 1371
 1207 1148 1372 1373
 1151 1207 1373 1359
 431 1375 1298 18
 1376 1009 1298 1375
 1377 1191 1009 1376
 1378 1010 1191 1377
 1379 1029 1010 1378
 1563 1562 1029 1379
 1383 1130 1908 1909
 1384 1131 1130 1383
 1413 1412 1131 1384
 1134 1385 1386 1211
 1387 1132 1211 1386
 1132 1387 1388 1177
 450 172 1311 1392
 129 451 1393 1299
 1299 1393 1394 1093
 1395 1190 1093 1394
 1396 1092 1190 1395
 1397 1091 1092 1396
 1561 1560 1091 1397
 1399 1089 1090 1398
 1102 1089 1399 1400
 1129 1906 1907 1401
 1405 1359 1347 1404
 1406 1151 1359 1405
 1362 1150 1407 1408
 1344 1362 1408 1409
 1385 1134 1412 1413
 1414 1050 1385 1413
 1415 1225 1050 1414
 1416 1049 1225 1415
 1417 1255 1049 1416
 1418 1052 1255 1417
 1240 1052 1418 1419
 1420 1048 1240 1419
 1048 1420 1421 1283
 1283 1421 1422 1063
 1335 1063 1422 1423
 483 73 1335 1423
 71 1315 1316 320
 94 320 1316 1317
 1450 1315 71 517
 1142 1130 1131 1144
 1144 1131 1412 1411
 1455 1142 1144 1456
 1456 1144 1411 1457
 1312 1053 1069 1313
 1458 1069 1053 1460
 1462 1205 1088 1461
 1088 1205 1204 1129
 1142 1402 1401 1130
 1463 1402 1142 1455
 1086 1307 1306 1135
 1183 1086 1135 1184
 1007 1308 1307 1086
 1464 1086 1183 1465
 1210 1145 1134 1211
 1466 1145 1210 1467
 1053 1312 1392 1391
 1468 1007 1086 1464
 1460 1053 1391 1470
 1178 1146 1132 1177
 1476 1146 1178 1474
 1465 1183 1045 1477
 1045 1183 1184 1136
 1205 1045 1136 1204
 1477 1045 1205 1462
 1467 1210 1146 1476
 1146 1210 1211 1132
 1343 1344 1051 1209
 1410 1409 1345 1046
 1046 1345 1346 1143
 1403 1143 1346 1404
 1206 1094 1347 1348
 1127 1206 1348 1349
 1182 1127 1349 1350
 1351 1087 1182 1350
 1087 1351 1352 1163
 1126 1179 1356 1357
 1357 1343 1209 1126
 1470 1391 1128 1471
 1311 1128 1391 1392
 1402 1088 1129 1401
 1461 1088 1402 1463
 1094 1403 1404 1347
 1051 1344 1409 1410
 1457 1411 1145 1466
 1145 1411 1412 1134
 510 1448 1450 517
 1464 1087 1163 1468
 1465 1182 1087 1464
 1477 1127 1182 1465
 1462 1206 1127 1477
 1461 1094 1206 1462
 1463 1403 1094 1461
 1455 1143 1403 1463
 1456 1046 1143 1455
 1457 1410 1046 1456
 1466 1051 1410 1457
 1467 1209 1051 1466
 1476 1126 1209 1467
 1474 1179 1126 1476
 118 545 1480 1338
 1481 1084 1338 1480
 1084 1481 1482 1286
 1483 1085 1286 1482
 1085 1483 1484 1243
 1485 1083 1243 1484
 1083 1485 1486 1252
 1252 1486 1487 1082
 1082 1487 1488 1228
 1489 1006 1228 1488
 1490 1271 1006 1489
 1491 1065 1271 1490
 1492 1323 1065 1491
 559 14 1323 1492
 140 560 1493 1340
 1494 1103 1340 1493
 1103 1494 1495 1288
 1496 1104 1288 1495
 1104 1496 1497 1245
 1498 1105 1245 1497
 1105 1498 1499 1250
 1250 1499 1500 1106
 1106 1500 1501 1230
 1502 1107 1230 1501
 1107 1502 1503 1273
 1504 1108 1273 1503
 1505 1325 1108 1504
 574 147 1325 1505
 1506 1332 139 575
 1507 1099 1332 1506
 1508 1280 1099 1507
 1509 1100 1280 1508
 1510 1237 1100 1509
 1511 1098 1237 1510
 1258 1098 1511 1512
 1516 1382 1095 1515
 1517 1096 1382 1516
 1518 1400 1096 1517
 1519 1102 1400 1518
 1520 1203 1102 1519
 1521 1101 1203 1520
 1185 1101 1521 1522
 1523 1044 1185 1522
 1524 1305 1044 1523
 595 66 1305 1524
 1070 1054 1176 1175
 1176 1054 1389 1388
 1388 1389 1133 1177
 1525 1157 1161 1527
 1527 1161 1390 1528
 1179 1170 1355 1356
 1161 1157 1458 1460
 1470 1390 1161 1460
 1527 1054 1070 1525
 1528 1389 1054 1527
 1177 1133 1169 1178
 1178 1169 1473 1474
 1170 1179 1474 1473
 1355 1354 1367 1366
 1167 1166 1366 1367
 1170 1164 1354 1355
 1471 1128 1154 1472
 1168 1167 1368 1369
 1390 1162 1529 1528
 1471 1162 1390 1470
 1529 1133 1389 1528
 15 1308 1309 215
 1308 1007 1165 1309
 1469 1165 1007 1468
 1475 1473 1169 1530
 1164 1170 1473 1475
 1530 1169 1133 1529
 1162 1171 1530 1529
 1472 1171 1162 1471
 1167 1367 1374 1368
 1353 1352 1369 1368
 1358 1374 1367 1354
 1015 1163 1352 1353
 1163 1015 1469 1468
 1530 1171 1534 1539
 1171 1472 1533 1534
 1358 1354 1164 1475
 1540 1534 1533 1538
 1368 1374 1535 1353
 1535 1539 1534 1540
 1539 1358 1475 1530
 1535 1374 1358 1539
 1540 1015 1353 1535
 1538 1469 1015 1540
 1531 613 608 1536
 1311 172 202 1310
 1128 1311 1310 1154
 1154 1310 1531 1532
 1532 1531 1536 1537
 1472 1154 1532 1533
 1533 1532 1537 1538
 1165 1469 1538 1537
 1309 1165 1537 1536
 215 1309 1536 608
 1531 1310 202 613
 1059 1072 1254 1253
 1074 1055 1242 1241
 1285 1284 1075 1064
 1337 1336 106 82
 1082 1437 1436 1252
 1338 1430 490 118
 1286 1432 1431 1084
 1243 1434 1433 1085
 1438 1437 1082 1228
 1226 1072 1059 1227
 1440 1439 1006 1215
 1213 1071 1058 1214
 1442 1441 1124 1173
 1175 1121 1123 1174
 1121 1213 1214 1123
 1441 1440 1215 1124
 1071 1226 1227 1058
 1439 1438 1228 1006
 1060 1073 1241 1242
 1083 1435 1434 1243
 1435 1083 1252 1436
 1253 1254 1073 1060
 1055 1074 1284 1285
 1085 1433 1432 1286
 1064 1075 1336 1337
 1084 1431 1430 1338
 1541 1337 82 614
 1542 1064 1337 1541
 1543 1285 1064 1542
 1544 1055 1285 1543
 1545 1242 1055 1544
 1546 1060 1242 1545
 1547 1253 1060 1546
 1548 1059 1253 1547
 1549 1227 1059 1548
 1550 1058 1227 1549
 1551 1214 1058 1550
 1552 1123 1214 1551
 1553 1174 1123 1552
 1552 1441 1442 1553
 1551 1440 1441 1552
 1550 1439 1440 1551
 1549 1438 1439 1550
 1548 1437 1438 1549
 1547 1436 1437 1548
 1546 1435 1436 1547
 1545 1434 1435 1546
 1544 1433 1434 1545
 1543 1432 1433 1544
 1542 1431 1432 1543
 1541 1430 1431 1542
 614 490 1430 1541
 1303 9 629 1555
 1002 1303 1555 1556
 1187 1002 1556 1557
 1000 1187 1557 1558
 1201 1000 1558 1559
 1090 1201 1559 1560
 1398 1090 1560 1561
 1013 1398 1561 1562
 1380 1013 1562 1563
 1012 1566 1567 1260
 1568 1001 1260 1567
 1001 1568 1617 1616
 1570 1020 1034 1569
 222 65 1319 1320
 1427 1425 1159 1451
 1047 1315 1450 1449
 1449 1576 1577 1047
 1448 1447 1449 1450
 1447 1582 1576 1449
 1446 1445 1425 1427
 1587 1319 65 664
 1576 1427 1451 1577
 1582 1446 1427 1576
 664 209 1318 1587
 98 1313 1314 83
 83 1314 1479 544
 1448 510 544 1479
 1056 1314 1313 1069
 1459 1056 1069 1458
 1056 1588 1581 1478
 1314 1056 1478 1479
 1447 1448 1479 1478
 1478 1581 1582 1447
 1426 1424 1445 1446
 1158 1586 1580 1459
 1157 1158 1459 1458
 1581 1426 1446 1582
 1580 1426 1581 1588
 1424 1426 1580 1586
 1459 1580 1588 1056
 1315 1047 1265 1316
 1317 1316 1265 1066
 1047 1577 1578 1265
 1265 1578 1579 1066
 1318 209 647 1571
 1317 1454 518 94
 702 518 1454 1623
 1578 1452 1453 1579
 1577 1451 1452 1578
 1066 1579 1454 1317
 1318 1599 1598 1587
 1454 1601 1624 1623
 1571 1600 1599 1318
 1453 1603 1602 1579
 1579 1602 1601 1454
 1057 1070 1175 1174
 1174 1553 1554 1057
 1158 1157 1525 1526
 1526 1585 1586 1158
 1070 1057 1526 1525
 1057 1597 1585 1526
 1442 1443 1554 1553
 1585 1429 1424 1586
 1584 1429 1585 1597
 1443 1583 1584 1554
 1444 1445 1424 1429
 1583 1444 1429 1584
 1554 1584 1597 1057
 1599 1592 1590 1598
 1600 1594 1592 1599
 1601 1593 1625 1624
 1602 1596 1593 1601
 1603 1595 1596 1602
 1451 1159 1266 1452
 1452 1266 1160 1453
 1160 1604 1603 1453
 1604 1591 1595 1603
 1320 1319 1061 1172
 1268 1267 1043 1173
 1172 1061 1267 1268
 1445 1444 1428 1425
 1443 1442 1173 1043
 1575 1583 1443 1043
 1444 1583 1575 1428
 1609 1573 1428 1575
 1573 1159 1425 1428
 1574 1061 1319 1587
 1610 1572 1573 1609
 1574 1606 1572 1610
 1572 1266 1159 1573
 1606 1160 1266 1572
 1598 1605 1574 1587
 1604 1160 1606 1607
 1591 1604 1607 1608
 1590 1589 1605 1598
 1605 1589 1608 1607
 1574 1605 1607 1606
 1610 1267 1061 1574
 1609 1043 1267 1610
 1575 1043 1609
 1611 1329 51 688
 1612 1155 1329 1611
 1613 1277 1155 1612
 1614 1033 1277 1613
 1234 1033 1614 1615
 1034 1234 1615 1616
 1617 1569 1034 1616
 1618 1035 1569 1617
 1619 1036 1035 1618
 1195 1036 1619 1620
 1621 1037 1195 1620
 1622 1292 1037 1621
 701 57 1292 1622
 647 702 1623 1571
 1624 1600 1571 1623
 1625 1594 1600 1624
 1697 1637 1636 1698
 1696 1638 1637 1697
 1695 1639 1638 1696
 1694 1640 1639 1695
 1637 1630 1631 1636
 1638 1632 1630 1637
 1639 1633 1632 1638
 1645 1630 1632 1644
 1631 1630 1645 1646
 1653 1645 1644 1651
 1666 1688 1687 1665
 1628 1660 1627 1659
 1665 1653 1651 1666
 1664 1686 1685 1667
 1663 1628 1659 1661
 1655 1646 1645 1653
 1687 1686 1664 1665
 1655 1653 1665 1664
 1654 1667 1685 1684
 1654 1655 1664 1667
 1023 1012 1260 1259
 1097 1023 1259 1258
 1513 1097 1258 1512
 1222 1097 1513 1514
 1095 1222 1514 1515
 1626 1640 1694 1693
 1640 1626 1633 1639
 1633 1650 1644 1632
 1690 1689 1652 1674
 1656 1651 1644 1650
 1652 1689 1688 1666
 1651 1656 1652 1666
 1013 1681 1381 1024
 1024 1381 1382 1096
 1649 1648 1642 1641
 1641 1642 1663 1661
 1013 1380 1681
 1659 1627 1657 1658
 1705 1704 1658 1657
 1685 1663 1642 1684
 1686 1628 1663 1685
 1660 1628 1686 1687
 1688 1627 1660 1687
 1689 1657 1627 1688
 1694 1012 1023 1693
 1012 1694 1695 1566
 1566 1695 1696 1565
 1565 1696 1697 1564
 1564 1697 1698 1563
 1698 1636 1635 1699
 1631 1629 1635 1636
 1629 1631 1646 1647
 1647 1646 1655 1654
 1682 1629 1647 1683
 1679 1701 1700 1634
 1683 1647 1654 1684
 1648 1649 1679 1634
 1700 1699 1635 1711
 1648 1634 1682 1683
 1648 1683 1684 1642
 1698 1699 1380 1563
 1700 1681 1380 1699
 1701 1381 1681 1700
 1711 1635 1629 1682
 1682 1634 1700 1711
 1716 1723 1722 1715
 1633 1626 1643 1650
 1626 1693 1692 1643
 1674 1652 1656 1673
 1650 1643 1673 1656
 1657 1689 1690 1675
 1649 1641 1680 1679
 1661 1659 1658 1662
 1662 1680 1641 1661
 1704 1703 1662 1658
 1669 1670 1704 1705
 1669 1712 1713 1670
 1719 1720 1713 1712
 1713 1720 1721 1714
 1721 1723 1716 1714
 1677 1709 1710 1672
 1716 1715 1672 1710
 1221 1023 1097 1222
 1023 1221 1692 1693
 1381 1041 1095 1382
 1701 1679 1680 1702
 1662 1703 1702 1680
 1381 1701 1702 1041
 1702 1703 1671
 1670 1671 1703 1704
 1670 1713 1714 1671
 1714 1716 1710 1671
 1222 1095 1041 1221
 1671 1728 1041 1702
 1709 1728 1671 1710
 1153 1730 1729 1152
 1152 1729 1731 1406
 1407 1732 1730 1153
 1207 1734 1733 1148
 1147 1735 1736 1208
 1148 1733 1737 1181
 1180 1738 1735 1147
 1149 1739 1740 1168
 1168 1740 1741 1167
 1167 1741 1742 1166
 1166 1742 1738 1180
 1181 1737 1739 1149
 1151 1743 1734 1207
 1208 1736 1744 1150
 1406 1731 1743 1151
 1150 1744 1732 1407
 1735 1746 1747 1736
 1738 1748 1746 1735
 1736 1747 1749 1744
 1744 1749 1745 1732
 1729 1730 1751 1750
 1729 1750 1752 1731
 1730 1732 1753 1751
 1733 1734 1755 1754
 1735 1756 1757 1736
 1733 1754 1758 1737
 1735 1738 1759 1756
 1739 1760 1761 1740
 1741 1740 1761 1762
 1742 1741 1762 1763
 1738 1742 1763 1759
 1737 1758 1760 1739
 1734 1743 1764 1755
 1736 1757 1765 1744
 1731 1752 1764 1743
 1732 1744 1765 1753
 30 864 1783 1291
 1018 1785 1787 1276
 1017 1789 1791 1196
 1019 1793 1795 1032
 1233 1797 1785 1018
 1032 1795 1799 1570
 1156 1801 1803 1328
 1196 1791 1793 1019
 1020 1805 1797 1233
 1276 1787 1801 1156
 1291 1783 1789 1017
 1328 1803 891 33
 1570 1799 1805 1020
 1718 1712 1669 1676
 1767 1718 1676 1766
 1722 1724 1717 1715
 1718 1725 1719 1712
 1768 1725 1718 1767
 1705 1657 1675 1706
 1669 1705 1706 1676
 1691 1673 1643 1692
 1673 1691 1690 1674
 1675 1690 1691 1726
 1767 1717 1724 1768
 1678 1708 1709 1677
 1678 1677 1672 1668
 1715 1717 1668 1672
 1706 1675 1726 1707
 1766 1676 1706 1707
 1692 1221 1727 1691
 1727 1221 1041 1728
 1727 1707 1726 1691
 1727 1708 1769 1707
 1728 1709 1708 1727
 1668 1717 1767 1766
 1707 1769 1668 1766
 1769 1708 1678 1668
 865 850 1770 1782
 1784 1771 1772 1786
 1788 1773 1774 1790
 1792 1775 1776 1794
 1796 1777 1771 1784
 1794 1776 1778 1798
 1800 1779 1780 1802
 1790 1774 1775 1792
 1804 1781 1777 1796
 1786 1772 1779 1800
 1782 1770 1773 1788
 1802 1780 863 890
 1798 1778 1781 1804
 865 1782 1783 864
 1782 1788 1789 1783
 1785 1797 1796 1784
 1784 1786 1787 1785
 1786 1800 1801 1787
 1788 1790 1791 1789
 1790 1792 1793 1791
 1792 1794 1795 1793
 1794 1798 1799 1795
 1797 1805 1804 1796
 1798 1804 1805 1799
 1800 1802 1803 1801
 1802 890 891 1803
 1232 1807 1806 1077
 1275 1809 1808 1076
 1327 1810 896 107
 110 898 1811 1342
 1078 1812 1813 1290
 1248 1815 1814 1080
 1079 1816 1817 1247
 1080 1814 1807 1232
 1247 1817 1818 1081
 1081 1818 1815 1248
 1077 1806 1809 1275
 1290 1813 1816 1079
 1076 1808 1810 1327
 1342 1811 1812 1078
 1807 1836 1835 1806
 1809 1834 1833 1808
 1810 1832 922 896
 898 936 1844 1811
 1812 1843 1842 1813
 1815 1838 1837 1814
 1816 1841 1840 1817
 1814 1837 1836 1807
 1817 1840 1839 1818
 1818 1839 1838 1815
 1806 1835 1834 1809
 1813 1842 1841 1816
 1808 1833 1832 1810
 1811 1844 1843 1812
 1832 1823 911 922
 1833 1821 1823 1832
 1834 1822 1821 1833
 1835 1819 1822 1834
 1836 1820 1819 1835
 1837 1827 1820 1836
 1838 1828 1827 1837
 1839 1831 1828 1838
 1840 1830 1831 1839
 1841 1829 1830 1840
 1842 1826 1829 1841
 1843 1825 1826 1842
 1844 1824 1825 1843
 936 913 1824 1844
 1820 1846 1845 1819
 1822 1848 1847 1821
 1823 1849 941 911
 913 943 1850 1824
 1825 1851 1852 1826
 1828 1854 1853 1827
 1829 1855 1856 1830
 1827 1853 1846 1820
 1830 1856 1857 1831
 1831 1857 1854 1828
 1819 1845 1848 1822
 1826 1852 1855 1829
 1821 1847 1849 1823
 1824 1850 1851 1825
 1846 1859 1858 1845
 1848 1861 1860 1847
 1849 1862 956 941
 943 958 1863 1850
 1851 1864 1865 1852
 1854 1867 1866 1853
 1855 1868 1869 1856
 1853 1866 1859 1846
 1856 1869 1870 1857
 1857 1870 1867 1854
 1845 1858 1861 1848
 1852 1865 1868 1855
 1847 1860 1862 1849
 1850 1863 1864 1851
 1859 1872 1871 1858
 1861 1874 1873 1860
 1862 1875 971 956
 958 973 1876 1863
 1864 1877 1878 1865
 1867 1880 1879 1866
 1868 1881 1882 1869
 1866 1879 1872 1859
 1869 1882 1883 1870
 1870 1883 1880 1867
 1858 1871 1874 1861
 1865 1878 1881 1868
 1860 1873 1875 1862
 1863 1876 1877 1864
 1872 1885 1884 1871
 1874 1887 1886 1873
 1875 1888 986 971
 973 988 1889 1876
 1877 1890 1891 1878
 1880 1893 1892 1879
 1881 1894 1895 1882
 1879 1892 1885 1872
 1882 1895 1896 1883
 1883 1896 1893 1880
 1871 1884 1887 1874
 1878 1891 1894 1881
 1873 1886 1888 1875
 1876 1889 1890 1877
 1898 1897 592 593
 1899 1898 593 594
 1900 1899 594 595
 1901 1900 595 1524
 1902 1901 1524 1523
 1903 1902 1523 1522
 1522 1521 1904 1903
 1905 1904 1521 1520
 1906 1905 1520 1519
 1907 1906 1519 1518
 1908 1907 1518 1517
 1909 1908 1517 1516
 1910 1909 1516 1515
 1911 1910 1515 1514
 1912 1911 1514 1513
 1913 1912 1513 1512
 1512 1511 1914 1913
 1915 1914 1511 1510
 1916 1915 1510 1509
 1917 1916 1509 1508
 1918 1917 1508 1507
 1919 1918 1507 1506
 1920 1919 1506 575
 1921 1920 575 576
 1922 1921 576 577
 1923 1922 577 578
 1924 1923 578 579
 1925 1924 579 580
 1926 1925 580 581
 582 1927 1926 581
 1928 1927 582 583
 1929 1928 583 584
 1930 1929 584 585
 1931 1930 585 586
 1932 1931 586 587
 1933 1932 587 588
 1934 1933 588 589
 1935 1934 589 590
 1936 1935 590 591
 592 1897 1936 591
 1937 1938 1968 1967
 1938 1939 1969 1968
 1939 1940 1970 1969
 1940 1941 1971 1970
 1941 1942 1972 1971
 1942 1943 1973 1972
 1943 1944 1974 1973
 1944 1945 1975 1974
 1945 1946 1976 1975
 1946 1947 1977 1976
 1947 1948 1978 1977
 1948 1949 1979 1978
 1949 1950 1980 1979
 1950 1951 1981 1980
 1951 1952 1982 1981
 1952 1953 1983 1982
 1953 1954 1984 1983
 1954 1955 1985 1984
 1955 1956 1986 1985
 1956 1957 1987 1986
 1957 1958 1988 1987
 1958 1959 1989 1988
 1959 1960 1990 1989
 1960 1961 1991 1990
 1961 1962 1992 1991
 1962 1963 1993 1992
 1963 1964 1994 1993
 1964 1965 1995 1994
 1965 1966 1996 1995
 1966 1937 1967 1996
 1967 1968 1998 1997
 1968 1969 1999 1998
 1969 1970 2000 1999
 1970 1971 2001 2000
 1971 1972 2002 2001
 1972 1973 2003 2002
 1973 1974 2004 2003
 1974 1975 2005 2004
 1975 1976 2006 2005
 1976 1977 2007 2006
 1977 1978 2008 2007
 1978 1979 2009 2008
 1979 1980 2010 2009
 1980 1981 2011 2010
 1981 1982 2012 2011
 1982 1983 2013 2012
 1983 1984 2014 2013
 1984 1985 2015 2014
 1985 1986 2016 2015
 1986 1987 2017 2016
 1987 1988 2018 2017
 1988 1989 2019 2018
 1989 1990 2020 2019
 1990 1991 2021 2020
 1991 1992 2022 2021
 1992 1993 2023 2022
 1993 1994 2024 2023
 1994 1995 2025 2024
 1995 1996 2026 2025
 1996 1967 1997 2026
 1997 1998 2028 2027
 1998 1999 2029 2028
 1999 2000 2030 2029
 2000 2001 2031 2030
 2001 2002 2032 2031
 2002 2003 2033 2032
 2003 2004 2034 2033
 2004 2005 2035 2034
 2005 2006 2036 2035
 2006 2007 2037 2036
 2007 2008 2038 2037
 2008 2009 2039 2038
 2009 2010 2040 2039
 2010 2011 2041 2040
 2011 2012 2042 2041
 2012 2013 2043 2042
 2013 2014 2044 2043
 2014 2015 2045 2044
 2015 2016 2046 2045
 2016 2017 2047 2046
 2017 2018 2048 2047
 2018 2019 2049 2048
 2019 2020 2050 2049
 2020 2021 2051 2050
 2021 2022 2052 2051
 2022 2023 2053 2052
 2023 2024 2054 2053
 2024 2025 2055 2054
 2025 2026 2056 2055
 2026 1997 2027 2056
 2027 2028 2058 2057
 2028 2029 2059 2058
 2029 2030 2060 2059
 2030 2031 2061 2060
 2031 2032 2062 2061
 2032 2033 2063 2062
 2033 2034 2064 2063
 2034 2035 2065 2064
 2035 2036 2066 2065
 2036 2037 2067 2066
 2037 2038 2068 2067
 2038 2039 2069 2068
 2039 2040 2070 2069
 2040 2041 2071 2070
 2041 2042 2072 2071
 2042 2043 2073 2072
 2043 2044 2074 2073
 2044 2045 2075 2074
 2045 2046 2076 2075
 2046 2047 2077 2076
 2047 2048 2078 2077
 2048 2049 2079 2078
 2049 2050 2080 2079
 2050 2051 2081 2080
 2051 2052 2082 2081
 2052 2053 2083 2082
 2053 2054 2084 2083
 2054 2055 2085 2084
 2055 2056 2086 2085
 2056 2027 2057 2086
 2057 2058 2088 2087
 2058 2059 2089 2088
 2059 2060 2090 2089
 2060 2061 2091 2090
 2061 2062 2092 2091
 2062 2063 2093 2092
 2063 2064 2094 2093
 2064 2065 2095 2094
 2065 2066 2096 2095
 2066 2067 2097 2096
 2067 2068 2098 2097
 2068 2069 2099 2098
 2069 2070 2100 2099
 2070 2071 2101 2100
 2071 2072 2102 2101
 2072 2073 2103 2102
 2073 2074 2104 2103
 2074 2075 2105 2104
 2075 2076 2106 2105
 2076 2077 2107 2106
 2077 2078 2108 2107
 2078 2079 2109 2108
 2079 2080 2110 2109
 2080 2081 2111 2110
 2081 2082 2112 2111
 2082 2083 2113 2112
 2083 2084 2114 2113
 2084 2085 2115 2114
 2085 2086 2116 2115
 2086 2057 2087 2116
 2087 2088 2118 2117
 2088 2089 2119 2118
 2089 2090 2120 2119
 2090 2091 2121 2120
 2091 2092 2122 2121
 2092 2093 2123 2122
 2093 2094 2124 2123
 2094 2095 2125 2124
 2095 2096 2126 2125
 2096 2097 2127 2126
 2097 2098 2128 2127
 2098 2099 2129 2128
 2099 2100 2130 2129
 2100 2101 2131 2130
 2101 2102 2132 2131
 2102 2103 2133 2132
 2103 2104 2134 2133
 2104 2105 2135 2134
 2105 2106 2136 2135
 2106 2107 2137 2136
 2107 2108 2138 2137
 2108 2109 2139 2138
 2109 2110 2140 2139
 2110 2111 2141 2140
 2111 2112 2142 2141
 2112 2113 2143 2142
 2113 2114 2144 2143
 2114 2115 2145 2144
 2115 2116 2146 2145
 2116 2087 2117 2146
 2117 2118 2148 2147
 2118 2119 2149 2148
 2119 2120 2150 2149
 2120 2121 2151 2150
 2121 2122 2152 2151
 2122 2123 2153 2152
 2123 2124 2154 2153
 2124 2125 2155 2154
 2125 2126 2156 2155
 2126 2127 2157 2156
 2127 2128 2158 2157
 2128 2129 2159 2158
 2129 2130 2160 2159
 2130 2131 2161 2160
 2131 2132 2162 2161
 2132 2133 2163 2162
 2133 2134 2164 2163
 2134 2135 2165 2164
 2135 2136 2166 2165
 2136 2137 2167 2166
 2137 2138 2168 2167
 2138 2139 2169 2168
 2139 2140 2170 2169
 2140 2141 2171 2170
 2141 2142 2172 2171
 2142 2143 2173 2172
 2143 2144 2174 2173
 2144 2145 2175 2174
 2145 2146 2176 2175
 2146 2117 2147 2176
 2147 2148 2178 2177
 2148 2149 2179 2178
 2149 2150 2180 2179
 2150 2151 2181 2180
 2151 2152 2182 2181
 2152 2153 2183 2182
 2153 2154 2184 2183
 2154 2155 2185 2184
 2155 2156 2186 2185
 2156 2157 2187 2186
 2157 2158 2188 2187
 2158 2159 2189 2188
 2159 2160 2190 2189
 2160 2161 2191 2190
 2161 2162 2192 2191
 2162 2163 2193 2192
 2163 2164 2194 2193
 2164 2165 2195 2194
 2165 2166 2196 2195
 2166 2167 2197 2196
 2167 2168 2198 2197
 2168 2169 2199 2198
 2169 2170 2200 2199
 2170 2171 2201 2200
 2171 2172 2202 2201
 2172 2173 2203 2202
 2173 2174 2204 2203
 2174 2175 2205 2204
 2175 2176 2206 2205
 2176 2147 2177 2206
 2177 2178 2208 2207
 2178 2179 2209 2208
 2179 2180 2210 2209
 2180 2181 2211 2210
 2181 2182 2212 2211
 2182 2183 2213 2212
 2183 2184 2214 2213
 2184 2185 2215 2214
 2185 2186 2216 2215
 2186 2187 2217 2216
 2187 2188 2218 2217
 2188 2189 2219 2218
 2189 2190 2220 2219
 2190 2191 2221 2220
 2191 2192 2222 2221
 2192 2193 2223 2222
 2193 2194 2224 2223
 2194 2195 2225 2224
 2195 2196 2226 2225
 2196 2197 2227 2226
 2197 2198 2228 2227
 2198 2199 2229 2228
 2199 2200 2230 2229
 2200 2201 2231 2230
 2201 2202 2232 2231
 2202 2203 2233 2232
 2203 2204 2234 2233
 2204 2205 2235 2234
 2205 2206 2236 2235
 2206 2177 2207 2236
 2207 2208 2238 2237
 2208 2209 2239 2238
 2209 2210 2240 2239
 2210 2211 2241 2240
 2211 2212 2242 2241
 2212 2213 2243 2242
 2213 2214 2244 2243
 2214 2215 2245 2244
 2215 2216 2246 2245
 2216 2217 2247 2246
 2217 2218 2248 2247
 2218 2219 2249 2248
 2219 2220 2250 2249
 2220 2221 2251 2250
 2221 2222 2252 2251
 2222 2223 2253 2252
 2223 2224 2254 2253
 2224 2225 2255 2254
 2225 2226 2256 2255
 2226 2227 2257 2256
 2227 2228 2258 2257
 2228 2229 2259 2258
 2229 2230 2260 2259
 2230 2231 2261 2260
 2231 2232 2262 2261
 2232 2233 2263 2262
 2233 2234 2264 2263
 2234 2235 2265 2264
 2235 2236 2266 2265
 2236 2207 2237 2266
 2237 2238 2268 2267
 2238 2239 2269 2268
 2239 2240 2270 2269
 2240 2241 2271 2270
 2241 2242 2272 2271
 2242 2243 2273 2272
 2243 2244 2274 2273
 2244 2245 2275 2274
 2245 2246 2276 2275
 2246 2247 2277 2276
 2247 2248 2278 2277
 2248 2249 2279 2278
 2249 2250 2280 2279
 2250 2251 2281 2280
 2251 2252 2282 2281
 2252 2253 2283 2282
 2253 2254 2284 2283
 2254 2255 2285 2284
 2255 2256 2286 2285
 2256 2257 2287 2286
 2257 2258 2288 2287
 2258 2259 2289 2288
 2259 2260 2290 2289
 2260 2261 2291 2290
 2261 2262 2292 2291
 2262 2263 2293 2292
 2263 2264 2294 2293
 2264 2265 2295 2294
 2265 2266 2296 2295
 2266 2237 2267 2296
 2267 2268 2298 2297
 2268 2269 2299 2298
 2269 2270 2300 2299
 2270 2271 2301 2300
 2271 2272 2302 2301
 2272 2273 2303 2302
 2273 2274 2304 2303
 2274 2275 2305 2304
 2275 2276 2306 2305
 2276 2277 2307 2306
 2277 2278 2308 2307
 2278 2279 2309 2308
 2279 2280 2310 2309
 2280 2281 2311 2310
 2281 2282 2312 2311
 2282 2283 2313 2312
 2283 2284 2314 2313
 2284 2285 2315 2314
 2285 2286 2316 2315
 2286 2287 2317 2316
 2287 2288 2318 2317
 2288 2289 2319 2318
 2289 2290 2320 2319
 2290 2291 2321 2320
 2291 2292 2322 2321
 2292 2293 2323 2322
 2293 2294 2324 2323
 2294 2295 2325 2324
 2295 2296 2326 2325
 2296 2267 2297 2326
 2297 2298 2328 2327
 2298 2299 2329 2328
 2299 2300 2330 2329
 2300 2301 2331 2330
 2301 2302 2332 2331
 2302 2303 2333 2332
 2303 2304 2334 2333
 2304 2305 2335 2334
 2305 2306 2336 2335
 2306 2307 2337 2336
 2307 2308 2338 2337
 2308 2309 2339 2338
 2309 2310 2340 2339
 2310 2311 2341 2340
 2311 2312 2342 2341
 2312 2313 2343 2342
 2313 2314 2344 2343
 2314 2315 2345 2344
 2315 2316 2346 2345
 2316 2317 2347 2346
 2317 2318 2348 2347
 2318 2319 2349 2348
 2319 2320 2350 2349
 2320 2321 2351 2350
 2321 2322 2352 2351
 2322 2323 2353 2352
 2323 2324 2354 2353
 2324 2325 2355 2354
 2325 2326 2356 2355
 2326 2297 2327 2356
 2327 2328 2358 2357
 2328 2329 2359 2358
 2329 2330 2360 2359
 2330 2331 2361 2360
 2331 2332 2362 2361
 2332 2333 2363 2362
 2333 2334 2364 2363
 2334 2335 2365 2364
 2335 2336 2366 2365
 2336 2337 2367 2366
 2337 2338 2368 2367
 2338 2339 2369 2368
 2339 2340 2370 2369
 2340 2341 2371 2370
 2341 2342 2372 2371
 2342 2343 2373 2372
 2343 2344 2374 2373
 2344 2345 2375 2374
 2345 2346 2376 2375
 2346 2347 2377 2376
 2347 2348 2378 2377
 2348 2349 2379 2378
 2349 2350 2380 2379
 2350 2351 2381 2380
 2351 2352 2382 2381
 2352 2353 2383 2382
 2353 2354 2384 2383
 2354 2355 2385 2384
 2355 2356 2386 2385
 2356 2327 2357 2386
 2357 2358 2388 2387
 2358 2359 2389 2388
 2359 2360 2390 2389
 2360 2361 2391 2390
 2361 2362 2392 2391
 2362 2363 2393 2392
 2363 2364 2394 2393
 2364 2365 2395 2394
 2365 2366 2396 2395
 2366 2367 2397 2396
 2367 2368 2398 2397
 2368 2369 2399 2398
 2369 2370 2400 2399
 2370 2371 2401 2400
 2371 2372 2402 2401
 2372 2373 2403 2402
 2373 2374 2404 2403
 2374 2375 2405 2404
 2375 2376 2406 2405
 2376 2377 2407 2406
 2377 2378 2408 2407
 2378 2379 2409 2408
 2379 2380 2410 2409
 2380 2381 2411 2410
 2381 2382 2412 2411
 2382 2383 2413 2412
 2383 2384 2414 2413
 2384 2385 2415 2414
 2385 2386 2416 2415
 2386 2357 2387 2416
 2387 2388 2418 2417
 2388 2389 2419 2418
 2389 2390 2420 2419
 2390 2391 2421 2420
 2391 2392 2422 2421
 2392 2393 2423 2422
 2393 2394 2424 2423
 2394 2395 2425 2424
 2395 2396 2426 2425
 2396 2397 2427 2426
 2397 2398 2428 2427
 2398 2399 2429 2428
 2399 2400 2430 2429
 2400 2401 2431 2430
 2401 2402 2432 2431
 2402 2403 2433 2432
 2403 2404 2434 2433
 2404 2405 2435 2434
 2405 2406 2436 2435
 2406 2407 2437 2436
 2407 2408 2438 2437
 2408 2409 2439 2438
 2409 2410 2440 2439
 2410 2411 2441 2440
 2411 2412 2442 2441
 2412 2413 2443 2442
 2413 2414 2444 2443
 2414 2415 2445 2444
 2415 2416 2446 2445
 2416 2387 2417 2446
 2417 2418 2448 2447
 2418 2419 2449 2448
 2419 2420 2450 2449
 2420 2421 2451 2450
 2421 2422 2452 2451
 2422 2423 2453 2452
 2423 2424 2454 2453
 2424 2425 2455 2454
 2425 2426 2456 2455
 2426 2427 2457 2456
 2427 2428 2458 2457
 2428 2429 2459 2458
 2429 2430 2460 2459
 2430 2431 2461 2460
 2431 2432 2462 2461
 2432 2433 2463 2462
 2433 2434 2464 2463
 2434 2435 2465 2464
 2435 2436 2466 2465
 2436 2437 2467 2466
 2437 2438 2468 2467
 2438 2439 2469 2468
 2439 2440 2470 2469
 2440 2441 2471 2470
 2441 2442 2472 2471
 2442 2443 2473 2472
 2443 2444 2474 2473
 2444 2445 2475 2474
 2445 2446 2476 2475
 2446 2417 2447 2476
 2447 2448 2478 2477
 2448 2449 2479 2478
 2449 2450 2480 2479
 2450 2451 2481 2480
 2451 2452 2482 2481
 2452 2453 2483 2482
 2453 2454 2484 2483
 2454 2455 2485 2484
 2455 2456 2486 2485
 2456 2457 2487 2486
 2457 2458 2488 2487
 2458 2459 2489 2488
 2459 2460 2490 2489
 2460 2461 2491 2490
 2461 2462 2492 2491
 2462 2463 2493 2492
 2463 2464 2494 2493
 2464 2465 2495 2494
 2465 2466 2496 2495
 2466 2467 2497 2496
 2467 2468 2498 2497
 2468 2469 2499 2498
 2469 2470 2500 2499
 2470 2471 2501 2500
 2471 2472 2502 2501
 2472 2473 2503 2502
 2473 2474 2504 2503
 2474 2475 2505 2504
 2475 2476 2506 2505
 2476 2447 2477 2506
 2477 2478 2508 2507
 2478 2479 2509 2508
 2479 2480 2510 2509
 2480 2481 2511 2510
 2481 2482 2512 2511
 2482 2483 2513 2512
 2483 2484 2514 2513
 2484 2485 2515 2514
 2485 2486 2516 2515
 2486 2487 2517 2516
 2487 2488 2518 2517
 2488 2489 2519 2518
 2489 2490 2520 2519
 2490 2491 2521 2520
 2491 2492 2522 2521
 2492 2493 2523 2522
 2493 2494 2524 2523
 2494 2495 2525 2524
 2495 2496 2526 2525
 2496 2497 2527 2526
 2497 2498 2528 2527
 2498 2499 2529 2528
 2499 2500 2530 2529
 2500 2501 2531 2530
 2501 2502 2532 2531
 2502 2503 2533 2532
 2503 2504 2534 2533
 2504 2505 2535 2534
 2505 2506 2536 2535
 2506 2477 2507 2536
 2507 2508 2538 2537
 2508 2509 2539 2538
 2509 2510 2540 2539
 2510 2511 2541 2540
 2511 2512 2542 2541
 2512 2513 2543 2542
 2513 2514 2544 2543
 2514 2515 2545 2544
 2515 2516 2546 2545
 2516 2517 2547 2546
 2517 2518 2548 2547
 2518 2519 2549 2548
 2519 2520 2550 2549
 2520 2521 2551 2550
 2521 2522 2552 2551
 2522 2523 2553 2552
 2523 2524 2554 2553
 2524 2525 2555 2554
 2525 2526 2556 2555
 2526 2527 2557 2556
 2527 2528 2558 2557
 2528 2529 2559 2558
 2529 2530 2560 2559
 2530 2531 2561 2560
 2531 2532 2562 2561
 2532 2533 2563 2562
 2533 2534 2564 2563
 2534 2535 2565 2564
 2535 2536 2566 2565
 2536 2507 2537 2566
 2537 2538 2568 2567
 2538 2539 2569 2568
 2539 2540 2570 2569
 2540 2541 2571 2570
 2541 2542 2572 2571
 2542 2543 2573 2572
 2543 2544 2574 2573
 2544 2545 2575 2574
 2545 2546 2576 2575
 2546 2547 2577 2576
 2547 2548 2578 2577
 2548 2549 2579 2578
 2549 2550 2580 2579
 2550 2551 2581 2580
 2551 2552 2582 2581
 2552 2553 2583 2582
 2553 2554 2584 2583
 2554 2555 2585 2584
 2555 2556 2586 2585
 2556 2557 2587 2586
 2557 2558 2588 2587
 2558 2559 2589 2588
 2559 2560 2590 2589
 2560 2561 2591 2590
 2561 2562 2592 2591
 2562 2563 2593 2592
 2563 2564 2594 2593
 2564 2565 2595 2594
 2565 2566 2596 2595
 2566 2537 2567 2596
 2567 2568 2598 2597
 2568 2569 2599 2598
 2569 2570 2600 2599
 2570 2571 2601 2600
 2571 2572 2602 2601
 2572 2573 2603 2602
 2573 2574 2604 2603
 2574 2575 2605 2604
 2575 2576 2606 2605
 2576 2577 2607 2606
 2577 2578 2608 2607
 2578 2579 2609 2608
 2579 2580 2610 2609
 2580 2581 2611 2610
 2581 2582 2612 2611
 2582 2583 2613 2612
 2583 2584 2614 2613
 2584 2585 2615 2614
 2585 2586 2616 2615
 2586 2587 2617 2616
 2587 2588 2618 2617
 2588 2589 2619 2618
 2589 2590 2620 2619
 2590 2591 2621 2620
 2591 2592 2622 2621
 2592 2593 2623 2622
 2593 2594 2624 2623
 2594 2595 2625 2624
 2595 2596 2626 2625
 2596 2567 2597 2626
 2597 2598 2628 2627
 2598 2599 2629 2628
 2599 2600 2630 2629
 2600 2601 2631 2630
 2601 2602 2632 2631
 2602 2603 2633 2632
 2603 2604 2634 2633
 2604 2605 2635 2634
 2605 2606 2636 2635
 2606 2607 2637 2636
 2607 2608 2638 2637
 2608 2609 2639 2638
 2609 2610 2640 2639
 2610 2611 2641 2640
 2611 2612 2642 2641
 2612 2613 2643 2642
 2613 2614 2644 2643
 2614 2615 2645 2644
 2615 2616 2646 2645
 2616 2617 2647 2646
 2617 2618 2648 2647
 2618 2619 2649 2648
 2619 2620 2650 2649
 2620 2621 2651 2650
 2621 2622 2652 2651
 2622 2623 2653 2652
 2623 2624 2654 2653
 2624 2625 2655 2654
 2625 2626 2656 2655
 2626 2597 2627 2656
 2627 2628 2658 2657
 2628 2629 2659 2658
 2629 2630 2660 2659
 2630 2631 2661 2660
 2631 2632 2662 2661
 2632 2633 2663 2662
 2633 2634 2664 2663
 2634 2635 2665 2664
 2635 2636 2666 2665
 2636 2637 2667 2666
 2637 2638 2668 2667
 2638 2639 2669 2668
 2639 2640 2670 2669
 2640 2641 2671 2670
 2641 2642 2672 2671
 2642 2643 2673 2672
 2643 2644 2674 2673
 2644 2645 2675 2674
 2645 2646 2676 2675
 2646 2647 2677 2676
 2647 2648 2678 2677
 2648 2649 2679 2678
 2649 2650 2680 2679
 2650 2651 2681 2680
 2651 2652 2682 2681
 2652 2653 2683 2682
 2653 2654 2684 2683
 2654 2655 2685 2684
 2655 2656 2686 2685
 2656 2627 2657 2686
 2657 2658 2688 2687
 2658 2659 2689 2688
 2659 2660 2690 2689
 2660 2661 2691 2690
 2661 2662 2692 2691
 2662 2663 2693 2692
 2663 2664 2694 2693
 2664 2665 2695 2694
 2665 2666 2696 2695
 2666 2667 2697 2696
 2667 2668 2698 2697
 2668 2669 2699 2698
 2669 2670 2700 2699
 2670 2671 2701 2700
 2671 2672 2702 2701
 2672 2673 2703 2702
 2673 2674 2704 2703
 2674 2675 2705 2704
 2675 2676 2706 2705
 2676 2677 2707 2706
 2677 2678 2708 2707
 2678 2679 2709 2708
 2679 2680 2710 2709
 2680 2681 2711 2710
 2681 2682 2712 2711
 2682 2683 2713 2712
 2683 2684 2714 2713
 2684 2685 2715 2714
 2685 2686 2716 2715
 2686 2657 2687 2716
 2687 2688 2718 2717
 2688 2689 2719 2718
 2689 2690 2720 2719
 2690 2691 2721 2720
 2691 2692 2722 2721
 2692 2693 2723 2722
 2693 2694 2724 2723
 2694 2695 2725 2724
 2695 2696 2726 2725
 2696 2697 2727 2726
 2697 2698 2728 2727
 2698 2699 2729 2728
 2699 2700 2730 2729
 2700 2701 2731 2730
 2701 2702 2732 2731
 2702 2703 2733 2732
 2703 2704 2734 2733
 2704 2705 2735 2734
 2705 2706 2736 2735
 2706 2707 2737 2736
 2707 2708 2738 2737
 2708 2709 2739 2738
 2709 2710 2740 2739
 2710 2711 2741 2740
 2711 2712 2742 2741
 2712 2713 2743 2742
 2713 2714 2744 2743
 2714 2715 2745 2744
 2715 2716 2746 2745
 2716 2687 2717 2746
 2717 2718 2748 2747
 2718 2719 2749 2748
 2719 2720 2750 2749
 2720 2721 2751 2750
 2721 2722 2752 2751
 2722 2723 2753 2752
 2723 2724 2754 2753
 2724 2725 2755 2754
 2725 2726 2756 2755
 2726 2727 2757 2756
 2727 2728 2758 2757
 2728 2729 2759 2758
 2729 2730 2760 2759
 2730 2731 2761 2760
 2731 2732 2762 2761
 2732 2733 2763 2762
 2733 2734 2764 2763
 2734 2735 2765 2764
 2735 2736 2766 2765
 2736 2737 2767 2766
 2737 2738 2768 2767
 2738 2739 2769 2768
 2739 2740 2770 2769
 2740 2741 2771 2770
 2741 2742 2772 2771
 2742 2743 2773 2772
 2743 2744 2774 2773
 2744 2745 2775 2774
 2745 2746 2776 2775
 2746 2717 2747 2776
 2747 2748 2778 2777
 2748 2749 2779 2778
 2749 2750 2780 2779
 2750 2751 2781 2780
 2751 2752 2782 2781
 2752 2753 2783 2782
 2753 2754 2784 2783
 2754 2755 2785 2784
 2755 2756 2786 2785
 2756 2757 2787 2786
 2757 2758 2788 2787
 2758 2759 2789 2788
 2759 2760 2790 2789
 2760 2761 2791 2790
 2761 2762 2792 2791
 2762 2763 2793 2792
 2763 2764 2794 2793
 2764 2765 2795 2794
 2765 2766 2796 2795
 2766 2767 2797 2796
 2767 2768 2798 2797
 2768 2769 2799 2798
 2769 2770 2800 2799
 2770 2771 2801 2800
 2771 2772 2802 2801
 2772 2773 2803 2802
 2773 2774 2804 2803
 2774 2775 2805 2804
 2775 2776 2806 2805
 2776 2747 2777 2806
 1938 1937 2807
 1939 1938 2807
 1940 1939 2807
 1941 1940 2807
 1942 1941 2807
 1943 1942 2807
 1944 1943 2807
 1945 1944 2807
 1946 1945 2807
 1947 1946 2807
 1948 1947 2807
 1949 1948 2807
 1950 1949 2807
 1951 1950 2807
 1952 1951 2807
 1953 1952 2807
 1954 1953 2807
 1955 1954 2807
 1956 1955 2807
 1957 1956 2807
 1958 1957 2807
 1959 1958 2807
 1960 1959 2807
 1961 1960 2807
 1962 1961 2807
 1963 1962 2807
 1964 1963 2807
 1965 1964 2807
 1966 1965 2807
 1937 1966 2807
 2777 2778 2808
 2778 2779 2808
 2779 2780 2808
 2780 2781 2808
 2781 2782 2808
 2782 2783 2808
 2783 2784 2808
 2784 2785 2808
 2785 2786 2808
 2786 2787 2808
 2787 2788 2808
 2788 2789 2808
 2789 2790 2808
 2790 2791 2808
 2791 2792 2808
 2792 2793 2808
 2793 2794 2808
 2794 2795 2808
 2795 2796 2808
 2796 2797 2808
 2797 2798 2808
 2798 2799 2808
 2799 2800 2808
 2800 2801 2808
 2801 2802 2808
 2802 2803 2808
 2803 2804 2808
 2804 2805 2808
 2805 2806 2808
 2806 2777 2808
 2809 2810 2840 2839
 2810 2811 2841 2840
 2811 2812 2842 2841
 2812 2813 2843 2842
 2813 2814 2844 2843
 2814 2815 2845 2844
 2815 2816 2846 2845
 2816 2817 2847 2846
 2817 2818 2848 2847
 2818 2819 2849 2848
 2819 2820 2850 2849
 2820 2821 2851 2850
 2821 2822 2852 2851
 2822 2823 2853 2852
 2823 2824 2854 2853
 2824 2825 2855 2854
 2825 2826 2856 2855
 2826 2827 2857 2856
 2827 2828 2858 2857
 2828 2829 2859 2858
 2829 2830 2860 2859
 2830 2831 2861 2860
 2831 2832 2862 2861
 2832 2833 2863 2862
 2833 2834 2864 2863
 2834 2835 2865 2864
 2835 2836 2866 2865
 2836 2837 2867 2866
 2837 2838 2868 2867
 2838 2809 2839 2868
 2839 2840 2870 2869
 2840 2841 2871 2870
 2841 2842 2872 2871
 2842 2843 2873 2872
 2843 2844 2874 2873
 2844 2845 2875 2874
 2845 2846 2876 2875
 2846 2847 2877 2876
 2847 2848 2878 2877
 2848 2849 2879 2878
 2849 2850 2880 2879
 2850 2851 2881 2880
 2851 2852 2882 2881
 2852 2853 2883 2882
 2853 2854 2884 2883
 2854 2855 2885 2884
 2855 2856 2886 2885
 2856 2857 2887 2886
 2857 2858 2888 2887
 2858 2859 2889 2888
 2859 2860 2890 2889
 2860 2861 2891 2890
 2861 2862 2892 2891
 2862 2863 2893 2892
 2863 2864 2894 2893
 2864 2865 2895 2894
 2865 2866 2896 2895
 2866 2867 2897 2896
 2867 2868 2898 2897
 2868 2839 2869 2898
 2869 2870 2900 2899
 2870 2871 2901 2900
 2871 2872 2902 2901
 2872 2873 2903 2902
 2873 2874 2904 2903
 2874 2875 2905 2904
 2875 2876 2906 2905
 2876 2877 2907 2906
 2877 2878 2908 2907
 2878 2879 2909 2908
 2879 2880 2910 2909
 2880 2881 2911 2910
 2881 2882 2912 2911
 2882 2883 2913 2912
 2883 2884 2914 2913
 2884 2885 2915 2914
 2885 2886 2916 2915
 2886 2887 2917 2916
 2887 2888 2918 2917
 2888 2889 2919 2918
 2889 2890 2920 2919
 2890 2891 2921 2920
 2891 2892 2922 2921
 2892 2893 2923 2922
 2893 2894 2924 2923
 2894 2895 2925 2924
 2895 2896 2926 2925
 2896 2897 2927 2926
 2897 2898 2928 2927
 2898 2869 2899 2928
 2899 2900 2930 2929
 2900 2901 2931 2930
 2901 2902 2932 2931
 2902 2903 2933 2932
 2903 2904 2934 2933
 2904 2905 2935 2934
 2905 2906 2936 2935
 2906 2907 2937 2936
 2907 2908 2938 2937
 2908 2909 2939 2938
 2909 2910 2940 2939
 2910 2911 2941 2940
 2911 2912 2942 2941
 2912 2913 2943 2942
 2913 2914 2944 2943
 2914 2915 2945 2944
 2915 2916 2946 2945
 2916 2917 2947 2946
 2917 2918 2948 2947
 2918 2919 2949 2948
 2919 2920 2950 2949
 2920 2921 2951 2950
 2921 2922 2952 2951
 2922 2923 2953 2952
 2923 2924 2954 2953
 2924 2925 2955 2954
 2925 2926 2956 2955
 2926 2927 2957 2956
 2927 2928 2958 2957
 2928 2899 2929 2958
 2929 2930 2960 2959
 2930 2931 2961 2960
 2931 2932 2962 2961
 2932 2933 2963 2962
 2933 2934 2964 2963
 2934 2935 2965 2964
 2935 2936 2966 2965
 2936 2937 2967 2966
 2937 2938 2968 2967
 2938 2939 2969 2968
 2939 2940 2970 2969
 2940 2941 2971 2970
 2941 2942 2972 2971
 2942 2943 2973 2972
 2943 2944 2974 2973
 2944 2945 2975 2974
 2945 2946 2976 2975
 2946 2947 2977 2976
 2947 2948 2978 2977
 2948 2949 2979 2978
 2949 2950 2980 2979
 2950 2951 2981 2980
 2951 2952 2982 2981
 2952 2953 2983 2982
 2953 2954 2984 2983
 2954 2955 2985 2984
 2955 2956 2986 2985
 2956 2957 2987 2986
 2957 2958 2988 2987
 2958 2929 2959 2988
 2959 2960 2990 2989
 2960 2961 2991 2990
 2961 2962 2992 2991
 2962 2963 2993 2992
 2963 2964 2994 2993
 2964 2965 2995 2994
 2965 2966 2996 2995
 2966 2967 2997 2996
 2967 2968 2998 2997
 2968 2969 2999 2998
 2969 2970 3000 2999
 2970 2971 3001 3000
 2971 2972 3002 3001
 2972 2973 3003 3002
 2973 2974 3004 3003
 2974 2975 3005 3004
 2975 2976 3006 3005
 2976 2977 3007 3006
 2977 2978 3008 3007
 2978 2979 3009 3008
 2979 2980 3010 3009
 2980 2981 3011 3010
 2981 2982 3012 3011
 2982 2983 3013 3012
 2983 2984 3014 3013
 2984 2985 3015 3014
 2985 2986 3016 3015
 2986 2987 3017 3016
 2987 2988 3018 3017
 2988 2959 2989 3018
 2989 2990 3020 3019
 2990 2991 3021 3020
 2991 2992 3022 3021
 2992 2993 3023 3022
 2993 2994 3024 3023
 2994 2995 3025 3024
 2995 2996 3026 3025
 2996 2997 3027 3026
 2997 2998 3028 3027
 2998 2999 3029 3028
 2999 3000 3030 3029
 3000 3001 3031 3030
 3001 3002 3032 3031
 3002 3003 3033 3032
 3003 3004 3034 3033
 3004 3005 3035 3034
 3005 3006 3036 3035
 3006 3007 3037 3036
 3007 3008 3038 3037
 3008 3009 3039 3038
 3009 3010 3040 3039
 3010 3011 3041 3040
 3011 3012 3042 3041
 3012 3013 3043 3042
 3013 3014 3044 3043
 3014 3015 3045 3044
 3015 3016 3046 3045
 3016 3017 3047 3046
 3017 3018 3048 3047
 3018 2989 3019 3048
 3019 3020 3050 3049
 3020 3021 3051 3050
 3021 3022 3052 3051
 3022 3023 3053 3052
 3023 3024 3054 3053
 3024 3025 3055 3054
 3025 3026 3056 3055
 3026 3027 3057 3056
 3027 3028 3058 3057
 3028 3029 3059 3058
 3029 3030 3060 3059
 3030 3031 3061 3060
 3031 3032 3062 3061
 3032 3033 3063 3062
 3033 3034 3064 3063
 3034 3035 3065 3064
 3035 3036 3066 3065
 3036 3037 3067 3066
 3037 3038 3068 3067
 3038 3039 3069 3068
 3039 3040 3070 3069
 3040 3041 3071 3070
 3041 3042 3072 3071
 3042 3043 3073 3072
 3043 3044 3074 3073
 3044 3045 3075 3074
 3045 3046 3076 3075
 3046 3047 3077 3076
 3047 3048 3078 3077
 3048 3019 3049 3078
 3049 3050 3080 3079
 3050 3051 3081 3080
 3051 3052 3082 3081
 3052 3053 3083 3082
 3053 3054 3084 3083
 3054 3055 3085 3084
 3055 3056 3086 3085
 3056 3057 3087 3086
 3057 3058 3088 3087
 3058 3059 3089 3088
 3059 3060 3090 3089
 3060 3061 3091 3090
 3061 3062 3092 3091
 3062 3063 3093 3092
 3063 3064 3094 3093
 3064 3065 3095 3094
 3065 3066 3096 3095
 3066 3067 3097 3096
 3067 3068 3098 3097
 3068 3069 3099 3098
 3069 3070 3100 3099
 3070 3071 3101 3100
 3071 3072 3102 3101
 3072 3073 3103 3102
 3073 3074 3104 3103
 3074 3075 3105 3104
 3075 3076 3106 3105
 3076 3077 3107 3106
 3077 3078 3108 3107
 3078 3049 3079 3108
 3079 3080 3110 3109
 3080 3081 3111 3110
 3081 3082 3112 3111
 3082 3083 3113 3112
 3083 3084 3114 3113
 3084 3085 3115 3114
 3085 3086 3116 3115
 3086 3087 3117 3116
 3087 3088 3118 3117
 3088 3089 3119 3118
 3089 3090 3120 3119
 3090 3091 3121 3120
 3091 3092 3122 3121
 3092 3093 3123 3122
 3093 3094 3124 3123
 3094 3095 3125 3124
 3095 3096 3126 3125
 3096 3097 3127 3126
 3097 3098 3128 3127
 3098 3099 3129 3128
 3099 3100 3130 3129
 3100 3101 3131 3130
 3101 3102 3132 3131
 3102 3103 3133 3132
 3103 3104 3134 3133
 3104 3105 3135 3134
 3105 3106 3136 3135
 3106 3107 3137 3136
 3107 3108 3138 3137
 3108 3079 3109 3138
 3109 3110 3140 3139
 3110 3111 3141 3140
 3111 3112 3142 3141
 3112 3113 3143 3142
 3113 3114 3144 3143
 3114 3115 3145 3144
 3115 3116 3146 3145
 3116 3117 3147 3146
 3117 3118 3148 3147
 3118 3119 3149 3148
 3119 3120 3150 3149
 3120 3121 3151 3150
 3121 3122 3152 3151
 3122 3123 3153 3152
 3123 3124 3154 3153
 3124 3125 3155 3154
 3125 3126 3156 3155
 3126 3127 3157 3156
 3127 3128 3158 3157
 3128 3129 3159 3158
 3129 3130 3160 3159
 3130 3131 3161 3160
 3131 3132 3162 3161
 3132 3133 3163 3162
 3133 3134 3164 3163
 3134 3135 3165 3164
 3135 3136 3166 3165
 3136 3137 3167 3166
 3137 3138 3168 3167
 3138 3109 3139 3168
 3139 3140 3170 3169
 3140 3141 3171 3170
 3141 3142 3172 3171
 3142 3143 3173 3172
 3143 3144 3174 3173
 3144 3145 3175 3174
 3145 3146 3176 3175
 3146 3147 3177 3176
 3147 3148 3178 3177
 3148 3149 3179 3178
 3149 3150 3180 3179
 3150 3151 3181 3180
 3151 3152 3182 3181
 3152 3153 3183 3182
 3153 3154 3184 3183
 3154 3155 3185 3184
 3155 3156 3186 3185
 3156 3157 3187 3186
 3157 3158 3188 3187
 3158 3159 3189 3188
 3159 3160 3190 3189
 3160 3161 3191 3190
 3161 3162 3192 3191
 3162 3163 3193 3192
 3163 3164 3194 3193
 3164 3165 3195 3194
 3165 3166 3196 3195
 3166 3167 3197 3196
 3167 3168 3198 3197
 3168 3139 3169 3198
 3169 3170 3200 3199
 3170 3171 3201 3200
 3171 3172 3202 3201
 3172 3173 3203 3202
 3173 3174 3204 3203
 3174 3175 3205 3204
 3175 3176 3206 3205
 3176 3177 3207 3206
 3177 3178 3208 3207
 3178 3179 3209 3208
 3179 3180 3210 3209
 3180 3181 3211 3210
 3181 3182 3212 3211
 3182 3183 3213 3212
 3183 3184 3214 3213
 3184 3185 3215 3214
 3185 3186 3216 3215
 3186 3187 3217 3216
 3187 3188 3218 3217
 3188 3189 3219 3218
 3189 3190 3220 3219
 3190 3191 3221 3220
 3191 3192 3222 3221
 3192 3193 3223 3222
 3193 3194 3224 3223
 3194 3195 3225 3224
 3195 3196 3226 3225
 3196 3197 3227 3226
 3197 3198 3228 3227
 3198 3169 3199 3228
 3199 3200 3230 3229
 3200 3201 3231 3230
 3201 3202 3232 3231
 3202 3203 3233 3232
 3203 3204 3234 3233
 3204 3205 3235 3234
 3205 3206 3236 3235
 3206 3207 3237 3236
 3207 3208 3238 3237
 3208 3209 3239 3238
 3209 3210 3240 3239
 3210 3211 3241 3240
 3211 3212 3242 3241
 3212 3213 3243 3242
 3213 3214 3244 3243
 3214 3215 3245 3244
 3215 3216 3246 3245
 3216 3217 3247 3246
 3217 3218 3248 3247
 3218 3219 3249 3248
 3219 3220 3250 3249
 3220 3221 3251 3250
 3221 3222 3252 3251
 3222 3223 3253 3252
 3223 3224 3254 3253
 3224 3225 3255 3254
 3225 3226 3256 3255
 3226 3227 3257 3256
 3227 3228 3258 3257
 3228 3199 3229 3258
 3229 3230 3260 3259
 3230 3231 3261 3260
 3231 3232 3262 3261
 3232 3233 3263 3262
 3233 3234 3264 3263
 3234 3235 3265 3264
 3235 3236 3266 3265
 3236 3237 3267 3266
 3237 3238 3268 3267
 3238 3239 3269 3268
 3239 3240 3270 3269
 3240 3241 3271 3270
 3241 3242 3272 3271
 3242 3243 3273 3272
 3243 3244 3274 3273
 3244 3245 3275 3274
 3245 3246 3276 3275
 3246 3247 3277 3276
 3247 3248 3278 3277
 3248 3249 3279 3278
 3249 3250 3280 3279
 3250 3251 3281 3280
 3251 3252 3282 3281
 3252 3253 3283 3282
 3253 3254 3284 3283
 3254 3255 3285 3284
 3255 3256 3286 3285
 3256 3257 3287 3286
 3257 3258 3288 3287
 3258 3229 3259 3288
 3259 3260 3290 3289
 3260 3261 3291 3290
 3261 3262 3292 3291
 3262 3263 3293 3292
 3263 3264 3294 3293
 3264 3265 3295 3294
 3265 3266 3296 3295
 3266 3267 3297 3296
 3267 3268 3298 3297
 3268 3269 3299 3298
 3269 3270 3300 3299
 3270 3271 3301 3300
 3271 3272 3302 3301
 3272 3273 3303 3302
 3273 3274 3304 3303
 3274 3275 3305 3304
 3275 3276 3306 3305
 3276 3277 3307 3306
 3277 3278 3308 3307
 3278 3279 3309 3308
 3279 3280 3310 3309
 3280 3281 3311 3310
 3281 3282 3312 3311
 3282 3283 3313 3312
 3283 3284 3314 3313
 3284 3285 3315 3314
 3285 3286 3316 3315
 3286 3287 3317 3316
 3287 3288 3318 3317
 3288 3259 3289 3318
 3289 3290 3320 3319
 3290 3291 3321 3320
 3291 3292 3322 3321
 3292 3293 3323 3322
 3293 3294 3324 3323
 3294 3295 3325 3324
 3295 3296 3326 3325
 3296 3297 3327 3326
 3297 3298 3328 3327
 3298 3299 3329 3328
 3299 3300 3330 3329
 3300 3301 3331 3330
 3301 3302 3332 3331
 3302 3303 3333 3332
 3303 3304 3334 3333
 3304 3305 3335 3334
 3305 3306 3336 3335
 3306 3307 3337 3336
 3307 3308 3338 3337
 3308 3309 3339 3338
 3309 3310 3340 3339
 3310 3311 3341 3340
 3311 3312 3342 3341
 3312 3313 3343 3342
 3313 3314 3344 3343
 3314 3315 3345 3344
 3315 3316 3346 3345
 3316 3317 3347 3346
 3317 3318 3348 3347
 3318 3289 3319 3348
 3319 3320 3350 3349
 3320 3321 3351 3350
 3321 3322 3352 3351
 3322 3323 3353 3352
 3323 3324 3354 3353
 3324 3325 3355 3354
 3325 3326 3356 3355
 3326 3327 3357 3356
 3327 3328 3358 3357
 3328 3329 3359 3358
 3329 3330 3360 3359
 3330 3331 3361 3360
 3331 3332 3362 3361
 3332 3333 3363 3362
 3333 3334 3364 3363
 3334 3335 3365 3364
 3335 3336 3366 3365
 3336 3337 3367 3366
 3337 3338 3368 3367
 3338 3339 3369 3368
 3339 3340 3370 3369
 3340 3341 3371 3370
 3341 3342 3372 3371
 3342 3343 3373 3372
 3343 3344 3374 3373
 3344 3345 3375 3374
 3345 3346 3376 3375
 3346 3347 3377 3376
 3347 3348 3378 3377
 3348 3319 3349 3378
 3349 3350 3380 3379
 3350 3351 3381 3380
 3351 3352 3382 3381
 3352 3353 3383 3382
 3353 3354 3384 3383
 3354 3355 3385 3384
 3355 3356 3386 3385
 3356 3357 3387 3386
 3357 3358 3388 3387
 3358 3359 3389 3388
 3359 3360 3390 3389
 3360 3361 3391 3390
 3361 3362 3392 3391
 3362 3363 3393 3392
 3363 3364 3394 3393
 3364 3365 3395 3394
 3365 3366 3396 3395
 3366 3367 3397 3396
 3367 3368 3398 3397
 3368 3369 3399 3398
 3369 3370 3400 3399
 3370 3371 3401 3400
 3371 3372 3402 3401
 3372 3373 3403 3402
 3373 3374 3404 3403
 3374 3375 3405 3404
 3375 3376 3406 3405
 3376 3377 3407 3406
 3377 3378 3408 3407
 3378 3349 3379 3408
 3379 3380 3410 3409
 3380 3381 3411 3410
 3381 3382 3412 3411
 3382 3383 3413 3412
 3383 3384 3414 3413
 3384 3385 3415 3414
 3385 3386 3416 3415
 3386 3387 3417 3416
 3387 3388 3418 3417
 3388 3389 3419 3418
 3389 3390 3420 3419
 3390 3391 3421 3420
 3391 3392 3422 3421
 3392 3393 3423 3422
 3393 3394 3424 3423
 3394 3395 3425 3424
 3395 3396 3426 3425
 3396 3397 3427 3426
 3397 3398 3428 3427
 3398 3399 3429 3428
 3399 3400 3430 3429
 3400 3401 3431 3430
 3401 3402 3432 3431
 3402 3403 3433 3432
 3403 3404 3434 3433
 3404 3405 3435 3434
 3405 3406 3436 3435
 3406 3407 3437 3436
 3407 3408 3438 3437
 3408 3379 3409 3438
 3409 3410 3440 3439
 3410 3411 3441 3440
 3411 3412 3442 3441
 3412 3413 3443 3442
 3413 3414 3444 3443
 3414 3415 3445 3444
 3415 3416 3446 3445
 3416 3417 3447 3446
 3417 3418 3448 3447
 3418 3419 3449 3448
 3419 3420 3450 3449
 3420 3421 3451 3450
 3421 3422 3452 3451
 3422 3423 3453 3452
 3423 3424 3454 3453
 3424 3425 3455 3454
 3425 3426 3456 3455
 3426 3427 3457 3456
 3427 3428 3458 3457
 3428 3429 3459 3458
 3429 3430 3460 3459
 3430 3431 3461 3460
 3431 3432 3462 3461
 3432 3433 3463 3462
 3433 3434 3464 3463
 3434 3435 3465 3464
 3435 3436 3466 3465
 3436 3437 3467 3466
 3437 3438 3468 3467
 3438 3409 3439 3468
 3439 3440 3470 3469
 3440 3441 3471 3470
 3441 3442 3472 3471
 3442 3443 3473 3472
 3443 3444 3474 3473
 3444 3445 3475 3474
 3445 3446 3476 3475
 3446 3447 3477 3476
 3447 3448 3478 3477
 3448 3449 3479 3478
 3449 3450 3480 3479
 3450 3451 3481 3480
 3451 3452 3482 3481
 3452 3453 3483 3482
 3453 3454 3484 3483
 3454 3455 3485 3484
 3455 3456 3486 3485
 3456 3457 3487 3486
 3457 3458 3488 3487
 3458 3459 3489 3488
 3459 3460 3490 3489
 3460 3461 3491 3490
 3461 3462 3492 3491
 3462 3463 3493 3492
 3463 3464 3494 3493
 3464 3465 3495 3494
 3465 3466 3496 3495
 3466 3467 3497 3496
 3467 3468 3498 3497
 3468 3439 3469 3498
 3469 3470 3500 3499
 3470 3471 3501 3500
 3471 3472 3502 3501
 3472 3473 3503 3502
 3473 3474 3504 3503
 3474 3475 3505 3504
 3475 3476 3506 3505
 3476 3477 3507 3506
 3477 3478 3508 3507
 3478 3479 3509 3508
 3479 3480 3510 3509
 3480 3481 3511 3510
 3481 3482 3512 3511
 3482 3483 3513 3512
 3483 3484 3514 3513
 3484 3485 3515 3514
 3485 3486 3516 3515
 3486 3487 3517 3516
 3487 3488 3518 3517
 3488 3489 3519 3518
 3489 3490 3520 3519
 3490 3491 3521 3520
 3491 3492 3522 3521
 3492 3493 3523 3522
 3493 3494 3524 3523
 3494 3495 3525 3524
 3495 3496 3526 3525
 3496 3497 3527 3526
 3497 3498 3528 3527
 3498 3469 3499 3528
 3499 3500 3530 3529
 3500 3501 3531 3530
 3501 3502 3532 3531
 3502 3503 3533 3532
 3503 3504 3534 3533
 3504 3505 3535 3534
 3505 3506 3536 3535
 3506 3507 3537 3536
 3507 3508 3538 3537
 3508 3509 3539 3538
 3509 3510 3540 3539
 3510 3511 3541 3540
 3511 3512 3542 3541
 3512 3513 3543 3542
 3513 3514 3544 3543
 3514 3515 3545 3544
 3515 3516 3546 3545
 3516 3517 3547 3546
 3517 3518 3548 3547
 3518 3519 3549 3548
 3519 3520 3550 3549
 3520 3521 3551 3550
 3521 3522 3552 3551
 3522 3523 3553 3552
 3523 3524 3554 3553
 3524 3525 3555 3554
 3525 3526 3556 3555
 3526 3527 3557 3556
 3527 3528 3558 3557
 3528 3499 3529 3558
 3529 3530 3560 3559
 3530 3531 3561 3560
 3531 3532 3562 3561
 3532 3533 3563 3562
 3533 3534 3564 3563
 3534 3535 3565 3564
 3535 3536 3566 3565
 3536 3537 3567 3566
 3537 3538 3568 3567
 3538 3539 3569 3568
 3539 3540 3570 3569
 3540 3541 3571 3570
 3541 3542 3572 3571
 3542 3543 3573 3572
 3543 3544 3574 3573
 3544 3545 3575 3574
 3545 3546 3576 3575
 3546 3547 3577 3576
 3547 3548 3578 3577
 3548 3549 3579 3578
 3549 3550 3580 3579
 3550 3551 3581 3580
 3551 3552 3582 3581
 3552 3553 3583 3582
 3553 3554 3584 3583
 3554 3555 3585 3584
 3555 3556 3586 3585
 3556 3557 3587 3586
 3557 3558 3588 3587
 3558 3529 3559 3588
 3559 3560 3590 3589
 3560 3561 3591 3590
 3561 3562 3592 3591
 3562 3563 3593 3592
 3563 3564 3594 3593
 3564 3565 3595 3594
 3565 3566 3596 3595
 3566 3567 3597 3596
 3567 3568 3598 3597
 3568 3569 3599 3598
 3569 3570 3600 3599
 3570 3571 3601 3600
 3571 3572 3602 3601
 3572 3573 3603 3602
 3573 3574 3604 3603
 3574 3575 3605 3604
 3575 3576 3606 3605
 3576 3577 3607 3606
 3577 3578 3608 3607
 3578 3579 3609 3608
 3579 3580 3610 3609
 3580 3581 3611 3610
 3581 3582 3612 3611
 3582 3583 3613 3612
 3583 3584 3614 3613
 3584 3585 3615 3614
 3585 3586 3616 3615
 3586 3587 3617 3616
 3587 3588 3618 3617
 3588 3559 3589 3618
 3589 3590 3620 3619
 3590 3591 3621 3620
 3591 3592 3622 3621
 3592 3593 3623 3622
 3593 3594 3624 3623
 3594 3595 3625 3624
 3595 3596 3626 3625
 3596 3597 3627 3626
 3597 3598 3628 3627
 3598 3599 3629 3628
 3599 3600 3630 3629
 3600 3601 3631 3630
 3601 3602 3632 3631
 3602 3603 3633 3632
 3603 3604 3634 3633
 3604 3605 3635 3634
 3605 3606 3636 3635
 3606 3607 3637 3636
 3607 3608 3638 3637
 3608 3609 3639 3638
 3609 3610 3640 3639
 3610 3611 3641 3640
 3611 3612 3642 3641
 3612 3613 3643 3642
 3613 3614 3644 3643
 3614 3615 3645 3644
 3615 3616 3646 3645
 3616 3617 3647 3646
 3617 3618 3648 3647
 3618 3589 3619 3648
 3619 3620 3650 3649
 3620 3621 3651 3650
 3621 3622 3652 3651
 3622 3623 3653 3652
 3623 3624 3654 3653
 3624 3625 3655 3654
 3625 3626 3656 3655
 3626 3627 3657 3656
 3627 3628 3658 3657
 3628 3629 3659 3658
 3629 3630 3660 3659
 3630 3631 3661 3660
 3631 3632 3662 3661
 3632 3633 3663 3662
 3633 3634 3664 3663
 3634 3635 3665 3664
 3635 3636 3666 3665
 3636 3637 3667 3666
 3637 3638 3668 3667
 3638 3639 3669 3668
 3639 3640 3670 3669
 3640 3641 3671 3670
 3641 3642 3672 3671
 3642 3643 3673 3672
 3643 3644 3674 3673
 3644 3645 3675 3674
 3645 3646 3676 3675
 3646 3647 3677 3676
 3647 3648 3678 3677
 3648 3619 3649 3678
 2810 2809 3679
 2811 2810 3679
 2812 2811 3679
 2813 2812 3679
 2814 2813 3679
 2815 2814 3679
 2816 2815 3679
 2817 2816 3679
 2818 2817 3679
 2819 2818 3679
 2820 2819 3679
 2821 2820 3679
 2822 2821 3679
 2823 2822 3679
 2824 2823 3679
 2825 2824 3679
 2826 2825 3679
 2827 2826 3679
 2828 2827 3679
 2829 2828 3679
 2830 2829 3679
 2831 2830 3679
 2832 2831 3679
 2833 2832 3679
 2834 2833 3679
 2835 2834 3679
 2836 2835 3679
 2837 2836 3679
 2838 2837 3679
 2809 2838 3679
 3649 3650 3680
 3650 3651 3680
 3651 3652 3680
 3652 3653 3680
 3653 3654 3680
 3654 3655 3680
 3655 3656 3680
 3656 3657 3680
 3657 3658 3680
 3658 3659 3680
 3659 3660 3680
 3660 3661 3680
 3661 3662 3680
 3662 3663 3680
 3663 3664 3680
 3664 3665 3680
 3665 3666 3680
 3666 3667 3680
 3667 3668 3680
 3668 3669 3680
 3669 3670 3680
 3670 3671 3680
 3671 3672 3680
 3672 3673 3680
 3673 3674 3680
 3674 3675 3680
 3675 3676 3680
 3676 3677 3680
 3677 3678 3680
 3678 3649 3680
 3681 3703 3705 3687
 3800 3801 3699 3693
 3696 3803 3804 3695
 3800 3693 3694 3799
 3689 3783 3784 3690
 3779 3780 3692 3691
 3689 3701 3782 3783
 3790 3689 3690 3789
 3692 3793 3794 3691
 3790 3791 3701 3689
 3700 3802 3803 3696
 3702 3792 3793 3692
 3780 3781 3702 3692
 3706 3704 3682 3686
 3801 3802 3700 3699
 3791 3792 3702 3701
 3701 3702 3781 3782
 3703 3704 3706 3705
 3742 3708 3797 3798
 3743 3709 3787 3788
 3785 3786 3709 3743
 3748 3711 3710 3747
 3748 3749 3712 3711
 3750 3713 3712 3749
 3754 3714 3777 3778
 3795 3796 3714 3754
 3805 3806 3715 3755
 3752 3725 3827 3828
 3830 3730 3728 3829
 3831 3731 3730 3830
 3734 3731 3831 3832
 3736 3734 3832 3833
 3737 3736 3833 3834
 3835 3836 3740 3745
 3845 3846 3713 3750
 3682 3843 3844 3686
 3704 3842 3843 3682
 3841 3842 3704 3703
 3840 3841 3703 3681
 3839 3840 3681 3687
 3747 3710 3837 3838
 3726 3725 3752 3753
 3727 3728 3730 3729
 3729 3730 3731 3732
 3732 3731 3734 3733
 3733 3734 3736 3735
 3735 3736 3737 3738
 3744 3745 3740 3739
 3694 3742 3798 3799
 3690 3743 3788 3789
 3784 3785 3743 3690
 3738 3737 3745 3744
 3834 3835 3745 3737
 3687 3747 3838 3839
 3705 3748 3747 3687
 3705 3706 3749 3748
 3686 3750 3749 3706
 3844 3845 3750 3686
 3728 3752 3828 3829
 3753 3752 3728 3727
 3691 3754 3778 3779
 3794 3795 3754 3691
 3804 3805 3755 3695
 3758 3757 3817 3818
 3759 3758 3818 3819
 3819 3820 3760 3759
 3820 3821 3761 3760
 3762 3761 3821 3822
 3763 3762 3822 3823
 3764 3763 3823 3824
 3824 3825 3765 3764
 3825 3826 3766 3765
 3768 3767 3807 3808
 3769 3768 3808 3809
 3810 3770 3769 3809
 3810 3811 3771 3770
 3811 3812 3772 3771
 3773 3772 3812 3813
 3774 3773 3813 3814
 3814 3815 3775 3774
 3815 3816 3776 3775
 3778 3777 3757 3758
 3779 3778 3758 3759
 3759 3760 3780 3779
 3760 3761 3781 3780
 3782 3781 3761 3762
 3783 3782 3762 3763
 3784 3783 3763 3764
 3764 3765 3785 3784
 3765 3766 3786 3785
 3788 3787 3708 3742
 3789 3788 3742 3694
 3693 3790 3789 3694
 3693 3699 3791 3790
 3699 3700 3792 3791
 3793 3792 3700 3696
 3794 3793 3696 3695
 3695 3755 3795 3794
 3755 3715 3796 3795
 3798 3797 3767 3768
 3799 3798 3768 3769
 3770 3800 3799 3769
 3770 3771 3801 3800
 3771 3772 3802 3801
 3803 3802 3772 3773
 3804 3803 3773 3774
 3774 3775 3805 3804
 3775 3776 3806 3805
 3808 3807 3707 3741
 3809 3808 3741 3688
 3683 3810 3809 3688
 3683 3698 3811 3810
 3698 3697 3812 3811
 3813 3812 3697 3684
 3814 3813 3684 3685
 3685 3756 3815 3814
 3756 3716 3816 3815
 3818 3817 3726 3753
 3819 3818 3753 3727
 3727 3729 3820 3819
 3729 3732 3821 3820
 3822 3821 3732 3733
 3823 3822 3733 3735
 3824 3823 3735 3738
 3738 3744 3825 3824
 3744 3739 3826 3825
 3828 3827 3717 3751
 3829 3828 3751 3718
 3719 3830 3829 3718
 3720 3831 3830 3719
 3832 3831 3720 3721
 3833 3832 3721 3722
 3834 3833 3722 3723
 3723 3746 3835 3834
 3746 3724 3836 3835
 3838 3837 3724 3746
 3839 3838 3746 3723
 3723 3722 3840 3839
 3722 3721 3841 3840
 3721 3720 3842 3841
 3843 3842 3720 3719
 3844 3843 3719 3718
 3718 3751 3845 3844
 3751 3717 3846 3845
 3847 3853 3871 3869
 3941 3859 3865 3942
 3862 3861 3945 3944
 3941 3940 3860 3859
 3855 3856 3929 3928
 3924 3857 3858 3925
 3855 3928 3927 3867
 3933 3932 3856 3855
 3858 3857 3937 3936
 3933 3855 3867 3934
 3866 3862 3944 3943
 3868 3858 3936 3935
 3925 3858 3868 3926
 3872 3852 3848 3870
 3942 3865 3866 3943
 3934 3867 3868 3935
 3867 3927 3926 3868
 3869 3871 3872 3870
 3892 3939 3797 3708
 3893 3931 3787 3709
 3930 3893 3709 3786
 3898 3897 3710 3711
 3898 3711 3712 3899
 3900 3899 3712 3713
 3904 3923 3777 3714
 3938 3904 3714 3796
 3946 3905 3715 3806
 3902 3963 3827 3725
 3965 3964 3880 3882
 3966 3965 3882 3883
 3886 3967 3966 3883
 3888 3968 3967 3886
 3889 3969 3968 3888
 3970 3895 3740 3836
 3978 3900 3713 3846
 3848 3852 3977 3976
 3870 3848 3976 3975
 3974 3869 3870 3975
 3973 3847 3869 3974
 3972 3853 3847 3973
 3897 3971 3837 3710
 3726 3903 3902 3725
 3879 3881 3882 3880
 3881 3884 3883 3882
 3884 3885 3886 3883
 3885 3887 3888 3886
 3887 3890 3889 3888
 3894 3739 3740 3895
 3860 3940 3939 3892
 3856 3932 3931 3893
 3929 3856 3893 3930
 3890 3894 3895 3889
 3969 3889 3895 3970
 3853 3972 3971 3897
 3871 3853 3897 3898
 3871 3898 3899 3872
 3852 3872 3899 3900
 3977 3852 3900 3978
 3880 3964 3963 3902
 3903 3879 3880 3902
 3857 3924 3923 3904
 3937 3857 3904 3938
 3945 3861 3905 3946
 3907 3955 3817 3757
 3908 3956 3955 3907
 3956 3908 3909 3957
 3957 3909 3910 3958
 3911 3959 3958 3910
 3912 3960 3959 3911
 3913 3961 3960 3912
 3961 3913 3914 3962
 3962 3914 3766 3826
 3915 3947 3807 3767
 3916 3948 3947 3915
 3949 3948 3916 3917
 3949 3917 3918 3950
 3950 3918 3919 3951
 3920 3952 3951 3919
 3921 3953 3952 3920
 3953 3921 3922 3954
 3954 3922 3776 3816
 3923 3907 3757 3777
 3924 3908 3907 3923
 3908 3924 3925 3909
 3909 3925 3926 3910
 3927 3911 3910 3926
 3928 3912 3911 3927
 3929 3913 3912 3928
 3913 3929 3930 3914
 3914 3930 3786 3766
 3931 3892 3708 3787
 3932 3860 3892 3931
 3859 3860 3932 3933
 3859 3933 3934 3865
 3865 3934 3935 3866
 3936 3862 3866 3935
 3937 3861 3862 3936
 3861 3937 3938 3905
 3905 3938 3796 3715
 3939 3915 3767 3797
 3940 3916 3915 3939
 3917 3916 3940 3941
 3917 3941 3942 3918
 3918 3942 3943 3919
 3944 3920 3919 3943
 3945 3921 3920 3944
 3921 3945 3946 3922
 3922 3946 3806 3776
 3947 3891 3707 3807
 3948 3854 3891 3947
 3849 3854 3948 3949
 3849 3949 3950 3864
 3864 3950 3951 3863
 3952 3850 3863 3951
 3953 3851 3850 3952
 3851 3953 3954 3906
 3906 3954 3816 3716
 3955 3903 3726 3817
 3956 3879 3903 3955
 3879 3956 3957 3881
 3881 3957 3958 3884
 3959 3885 3884 3958
 3960 3887 3885 3959
 3961 3890 3887 3960
 3890 3961 3962 3894
 3894 3962 3826 3739
 3963 3901 3717 3827
 3964 3873 3901 3963
 3874 3873 3964 3965
 3875 3874 3965 3966
 3967 3876 3875 3966
 3968 3877 3876 3967
 3969 3878 3877 3968
 3878 3969 3970 3896
 3896 3970 3836 3724
 3971 3896 3724 3837
 3972 3878 3896 3971
 3878 3972 3973 3877
 3877 3973 3974 3876
 3876 3974 3975 3875
 3976 3874 3875 3975
 3977 3873 3874 3976
 3873 3977 3978 3901
 3901 3978 3846 3717
