 1937 1938 1968 1967
 1938 1939 1969 1968
 1939 1940 1970 1969
 1940 1941 1971 1970
 1941 1942 1972 1971
 1942 1943 1973 1972
 1943 1944 1974 1973
 1944 1945 1975 1974
 1945 1946 1976 1975
 1946 1947 1977 1976
 1947 1948 1978 1977
 1948 1949 1979 1978
 1949 1950 1980 1979
 1950 1951 1981 1980
 1951 1952 1982 1981
 1952 1953 1983 1982
 1953 1954 1984 1983
 1954 1955 1985 1984
 1955 1956 1986 1985
 1956 1957 1987 1986
 1957 1958 1988 1987
 1958 1959 1989 1988
 1959 1960 1990 1989
 1960 1961 1991 1990
 1961 1962 1992 1991
 1962 1963 1993 1992
 1963 1964 1994 1993
 1964 1965 1995 1994
 1965 1966 1996 1995
 1966 1937 1967 1996
 1967 1968 1998 1997
 1968 1969 1999 1998
 1969 1970 2000 1999
 1970 1971 2001 2000
 1971 1972 2002 2001
 1972 1973 2003 2002
 1973 1974 2004 2003
 1974 1975 2005 2004
 1975 1976 2006 2005
 1976 1977 2007 2006
 1977 1978 2008 2007
 1978 1979 2009 2008
 1979 1980 2010 2009
 1980 1981 2011 2010
 1981 1982 2012 2011
 1982 1983 2013 2012
 1983 1984 2014 2013
 1984 1985 2015 2014
 1985 1986 2016 2015
 1986 1987 2017 2016
 1987 1988 2018 2017
 1988 1989 2019 2018
 1989 1990 2020 2019
 1990 1991 2021 2020
 1991 1992 2022 2021
 1992 1993 2023 2022
 1993 1994 2024 2023
 1994 1995 2025 2024
 1995 1996 2026 2025
 1996 1967 1997 2026
 1997 1998 2028 2027
 1998 1999 2029 2028
 1999 2000 2030 2029
 2000 2001 2031 2030
 2001 2002 2032 2031
 2002 2003 2033 2032
 2003 2004 2034 2033
 2004 2005 2035 2034
 2005 2006 2036 2035
 2006 2007 2037 2036
 2007 2008 2038 2037
 2008 2009 2039 2038
 2009 2010 2040 2039
 2010 2011 2041 2040
 2011 2012 2042 2041
 2012 2013 2043 2042
 2013 2014 2044 2043
 2014 2015 2045 2044
 2015 2016 2046 2045
 2016 2017 2047 2046
 2017 2018 2048 2047
 2018 2019 2049 2048
 2019 2020 2050 2049
 2020 2021 2051 2050
 2021 2022 2052 2051
 2022 2023 2053 2052
 2023 2024 2054 2053
 2024 2025 2055 2054
 2025 2026 2056 2055
 2026 1997 2027 2056
 2027 2028 2058 2057
 2028 2029 2059 2058
 2029 2030 2060 2059
 2030 2031 2061 2060
 2031 2032 2062 2061
 2032 2033 2063 2062
 2033 2034 2064 2063
 2034 2035 2065 2064
 2035 2036 2066 2065
 2036 2037 2067 2066
 2037 2038 2068 2067
 2038 2039 2069 2068
 2039 2040 2070 2069
 2040 2041 2071 2070
 2041 2042 2072 2071
 2042 2043 2073 2072
 2043 2044 2074 2073
 2044 2045 2075 2074
 2045 2046 2076 2075
 2046 2047 2077 2076
 2047 2048 2078 2077
 2048 2049 2079 2078
 2049 2050 2080 2079
 2050 2051 2081 2080
 2051 2052 2082 2081
 2052 2053 2083 2082
 2053 2054 2084 2083
 2054 2055 2085 2084
 2055 2056 2086 2085
 2056 2027 2057 2086
 2057 2058 2088 2087
 2058 2059 2089 2088
 2059 2060 2090 2089
 2060 2061 2091 2090
 2061 2062 2092 2091
 2062 2063 2093 2092
 2063 2064 2094 2093
 2064 2065 2095 2094
 2065 2066 2096 2095
 2066 2067 2097 2096
 2067 2068 2098 2097
 2068 2069 2099 2098
 2069 2070 2100 2099
 2070 2071 2101 2100
 2071 2072 2102 2101
 2072 2073 2103 2102
 2073 2074 2104 2103
 2074 2075 2105 2104
 2075 2076 2106 2105
 2076 2077 2107 2106
 2077 2078 2108 2107
 2078 2079 2109 2108
 2079 2080 2110 2109
 2080 2081 2111 2110
 2081 2082 2112 2111
 2082 2083 2113 2112
 2083 2084 2114 2113
 2084 2085 2115 2114
 2085 2086 2116 2115
 2086 2057 2087 2116
 2087 2088 2118 2117
 2088 2089 2119 2118
 2089 2090 2120 2119
 2090 2091 2121 2120
 2091 2092 2122 2121
 2092 2093 2123 2122
 2093 2094 2124 2123
 2094 2095 2125 2124
 2095 2096 2126 2125
 2096 2097 2127 2126
 2097 2098 2128 2127
 2098 2099 2129 2128
 2099 2100 2130 2129
 2100 2101 2131 2130
 2101 2102 2132 2131
 2102 2103 2133 2132
 2103 2104 2134 2133
 2104 2105 2135 2134
 2105 2106 2136 2135
 2106 2107 2137 2136
 2107 2108 2138 2137
 2108 2109 2139 2138
 2109 2110 2140 2139
 2110 2111 2141 2140
 2111 2112 2142 2141
 2112 2113 2143 2142
 2113 2114 2144 2143
 2114 2115 2145 2144
 2115 2116 2146 2145
 2116 2087 2117 2146
 2117 2118 2148 2147
 2118 2119 2149 2148
 2119 2120 2150 2149
 2120 2121 2151 2150
 2121 2122 2152 2151
 2122 2123 2153 2152
 2123 2124 2154 2153
 2124 2125 2155 2154
 2125 2126 2156 2155
 2126 2127 2157 2156
 2127 2128 2158 2157
 2128 2129 2159 2158
 2129 2130 2160 2159
 2130 2131 2161 2160
 2131 2132 2162 2161
 2132 2133 2163 2162
 2133 2134 2164 2163
 2134 2135 2165 2164
 2135 2136 2166 2165
 2136 2137 2167 2166
 2137 2138 2168 2167
 2138 2139 2169 2168
 2139 2140 2170 2169
 2140 2141 2171 2170
 2141 2142 2172 2171
 2142 2143 2173 2172
 2143 2144 2174 2173
 2144 2145 2175 2174
 2145 2146 2176 2175
 2146 2117 2147 2176
 2147 2148 2178 2177
 2148 2149 2179 2178
 2149 2150 2180 2179
 2150 2151 2181 2180
 2151 2152 2182 2181
 2152 2153 2183 2182
 2153 2154 2184 2183
 2154 2155 2185 2184
 2155 2156 2186 2185
 2156 2157 2187 2186
 2157 2158 2188 2187
 2158 2159 2189 2188
 2159 2160 2190 2189
 2160 2161 2191 2190
 2161 2162 2192 2191
 2162 2163 2193 2192
 2163 2164 2194 2193
 2164 2165 2195 2194
 2165 2166 2196 2195
 2166 2167 2197 2196
 2167 2168 2198 2197
 2168 2169 2199 2198
 2169 2170 2200 2199
 2170 2171 2201 2200
 2171 2172 2202 2201
 2172 2173 2203 2202
 2173 2174 2204 2203
 2174 2175 2205 2204
 2175 2176 2206 2205
 2176 2147 2177 2206
 2177 2178 2208 2207
 2178 2179 2209 2208
 2179 2180 2210 2209
 2180 2181 2211 2210
 2181 2182 2212 2211
 2182 2183 2213 2212
 2183 2184 2214 2213
 2184 2185 2215 2214
 2185 2186 2216 2215
 2186 2187 2217 2216
 2187 2188 2218 2217
 2188 2189 2219 2218
 2189 2190 2220 2219
 2190 2191 2221 2220
 2191 2192 2222 2221
 2192 2193 2223 2222
 2193 2194 2224 2223
 2194 2195 2225 2224
 2195 2196 2226 2225
 2196 2197 2227 2226
 2197 2198 2228 2227
 2198 2199 2229 2228
 2199 2200 2230 2229
 2200 2201 2231 2230
 2201 2202 2232 2231
 2202 2203 2233 2232
 2203 2204 2234 2233
 2204 2205 2235 2234
 2205 2206 2236 2235
 2206 2177 2207 2236
 2207 2208 2238 2237
 2208 2209 2239 2238
 2209 2210 2240 2239
 2210 2211 2241 2240
 2211 2212 2242 2241
 2212 2213 2243 2242
 2213 2214 2244 2243
 2214 2215 2245 2244
 2215 2216 2246 2245
 2216 2217 2247 2246
 2217 2218 2248 2247
 2218 2219 2249 2248
 2219 2220 2250 2249
 2220 2221 2251 2250
 2221 2222 2252 2251
 2222 2223 2253 2252
 2223 2224 2254 2253
 2224 2225 2255 2254
 2225 2226 2256 2255
 2226 2227 2257 2256
 2227 2228 2258 2257
 2228 2229 2259 2258
 2229 2230 2260 2259
 2230 2231 2261 2260
 2231 2232 2262 2261
 2232 2233 2263 2262
 2233 2234 2264 2263
 2234 2235 2265 2264
 2235 2236 2266 2265
 2236 2207 2237 2266
 2237 2238 2268 2267
 2238 2239 2269 2268
 2239 2240 2270 2269
 2240 2241 2271 2270
 2241 2242 2272 2271
 2242 2243 2273 2272
 2243 2244 2274 2273
 2244 2245 2275 2274
 2245 2246 2276 2275
 2246 2247 2277 2276
 2247 2248 2278 2277
 2248 2249 2279 2278
 2249 2250 2280 2279
 2250 2251 2281 2280
 2251 2252 2282 2281
 2252 2253 2283 2282
 2253 2254 2284 2283
 2254 2255 2285 2284
 2255 2256 2286 2285
 2256 2257 2287 2286
 2257 2258 2288 2287
 2258 2259 2289 2288
 2259 2260 2290 2289
 2260 2261 2291 2290
 2261 2262 2292 2291
 2262 2263 2293 2292
 2263 2264 2294 2293
 2264 2265 2295 2294
 2265 2266 2296 2295
 2266 2237 2267 2296
 2267 2268 2298 2297
 2268 2269 2299 2298
 2269 2270 2300 2299
 2270 2271 2301 2300
 2271 2272 2302 2301
 2272 2273 2303 2302
 2273 2274 2304 2303
 2274 2275 2305 2304
 2275 2276 2306 2305
 2276 2277 2307 2306
 2277 2278 2308 2307
 2278 2279 2309 2308
 2279 2280 2310 2309
 2280 2281 2311 2310
 2281 2282 2312 2311
 2282 2283 2313 2312
 2283 2284 2314 2313
 2284 2285 2315 2314
 2285 2286 2316 2315
 2286 2287 2317 2316
 2287 2288 2318 2317
 2288 2289 2319 2318
 2289 2290 2320 2319
 2290 2291 2321 2320
 2291 2292 2322 2321
 2292 2293 2323 2322
 2293 2294 2324 2323
 2294 2295 2325 2324
 2295 2296 2326 2325
 2296 2267 2297 2326
 2297 2298 2328 2327
 2298 2299 2329 2328
 2299 2300 2330 2329
 2300 2301 2331 2330
 2301 2302 2332 2331
 2302 2303 2333 2332
 2303 2304 2334 2333
 2304 2305 2335 2334
 2305 2306 2336 2335
 2306 2307 2337 2336
 2307 2308 2338 2337
 2308 2309 2339 2338
 2309 2310 2340 2339
 2310 2311 2341 2340
 2311 2312 2342 2341
 2312 2313 2343 2342
 2313 2314 2344 2343
 2314 2315 2345 2344
 2315 2316 2346 2345
 2316 2317 2347 2346
 2317 2318 2348 2347
 2318 2319 2349 2348
 2319 2320 2350 2349
 2320 2321 2351 2350
 2321 2322 2352 2351
 2322 2323 2353 2352
 2323 2324 2354 2353
 2324 2325 2355 2354
 2325 2326 2356 2355
 2326 2297 2327 2356
 2327 2328 2358 2357
 2328 2329 2359 2358
 2329 2330 2360 2359
 2330 2331 2361 2360
 2331 2332 2362 2361
 2332 2333 2363 2362
 2333 2334 2364 2363
 2334 2335 2365 2364
 2335 2336 2366 2365
 2336 2337 2367 2366
 2337 2338 2368 2367
 2338 2339 2369 2368
 2339 2340 2370 2369
 2340 2341 2371 2370
 2341 2342 2372 2371
 2342 2343 2373 2372
 2343 2344 2374 2373
 2344 2345 2375 2374
 2345 2346 2376 2375
 2346 2347 2377 2376
 2347 2348 2378 2377
 2348 2349 2379 2378
 2349 2350 2380 2379
 2350 2351 2381 2380
 2351 2352 2382 2381
 2352 2353 2383 2382
 2353 2354 2384 2383
 2354 2355 2385 2384
 2355 2356 2386 2385
 2356 2327 2357 2386
 2357 2358 2388 2387
 2358 2359 2389 2388
 2359 2360 2390 2389
 2360 2361 2391 2390
 2361 2362 2392 2391
 2362 2363 2393 2392
 2363 2364 2394 2393
 2364 2365 2395 2394
 2365 2366 2396 2395
 2366 2367 2397 2396
 2367 2368 2398 2397
 2368 2369 2399 2398
 2369 2370 2400 2399
 2370 2371 2401 2400
 2371 2372 2402 2401
 2372 2373 2403 2402
 2373 2374 2404 2403
 2374 2375 2405 2404
 2375 2376 2406 2405
 2376 2377 2407 2406
 2377 2378 2408 2407
 2378 2379 2409 2408
 2379 2380 2410 2409
 2380 2381 2411 2410
 2381 2382 2412 2411
 2382 2383 2413 2412
 2383 2384 2414 2413
 2384 2385 2415 2414
 2385 2386 2416 2415
 2386 2357 2387 2416
 2387 2388 2418 2417
 2388 2389 2419 2418
 2389 2390 2420 2419
 2390 2391 2421 2420
 2391 2392 2422 2421
 2392 2393 2423 2422
 2393 2394 2424 2423
 2394 2395 2425 2424
 2395 2396 2426 2425
 2396 2397 2427 2426
 2397 2398 2428 2427
 2398 2399 2429 2428
 2399 2400 2430 2429
 2400 2401 2431 2430
 2401 2402 2432 2431
 2402 2403 2433 2432
 2403 2404 2434 2433
 2404 2405 2435 2434
 2405 2406 2436 2435
 2406 2407 2437 2436
 2407 2408 2438 2437
 2408 2409 2439 2438
 2409 2410 2440 2439
 2410 2411 2441 2440
 2411 2412 2442 2441
 2412 2413 2443 2442
 2413 2414 2444 2443
 2414 2415 2445 2444
 2415 2416 2446 2445
 2416 2387 2417 2446
 2417 2418 2448 2447
 2418 2419 2449 2448
 2419 2420 2450 2449
 2420 2421 2451 2450
 2421 2422 2452 2451
 2422 2423 2453 2452
 2423 2424 2454 2453
 2424 2425 2455 2454
 2425 2426 2456 2455
 2426 2427 2457 2456
 2427 2428 2458 2457
 2428 2429 2459 2458
 2429 2430 2460 2459
 2430 2431 2461 2460
 2431 2432 2462 2461
 2432 2433 2463 2462
 2433 2434 2464 2463
 2434 2435 2465 2464
 2435 2436 2466 2465
 2436 2437 2467 2466
 2437 2438 2468 2467
 2438 2439 2469 2468
 2439 2440 2470 2469
 2440 2441 2471 2470
 2441 2442 2472 2471
 2442 2443 2473 2472
 2443 2444 2474 2473
 2444 2445 2475 2474
 2445 2446 2476 2475
 2446 2417 2447 2476
 2447 2448 2478 2477
 2448 2449 2479 2478
 2449 2450 2480 2479
 2450 2451 2481 2480
 2451 2452 2482 2481
 2452 2453 2483 2482
 2453 2454 2484 2483
 2454 2455 2485 2484
 2455 2456 2486 2485
 2456 2457 2487 2486
 2457 2458 2488 2487
 2458 2459 2489 2488
 2459 2460 2490 2489
 2460 2461 2491 2490
 2461 2462 2492 2491
 2462 2463 2493 2492
 2463 2464 2494 2493
 2464 2465 2495 2494
 2465 2466 2496 2495
 2466 2467 2497 2496
 2467 2468 2498 2497
 2468 2469 2499 2498
 2469 2470 2500 2499
 2470 2471 2501 2500
 2471 2472 2502 2501
 2472 2473 2503 2502
 2473 2474 2504 2503
 2474 2475 2505 2504
 2475 2476 2506 2505
 2476 2447 2477 2506
 2477 2478 2508 2507
 2478 2479 2509 2508
 2479 2480 2510 2509
 2480 2481 2511 2510
 2481 2482 2512 2511
 2482 2483 2513 2512
 2483 2484 2514 2513
 2484 2485 2515 2514
 2485 2486 2516 2515
 2486 2487 2517 2516
 2487 2488 2518 2517
 2488 2489 2519 2518
 2489 2490 2520 2519
 2490 2491 2521 2520
 2491 2492 2522 2521
 2492 2493 2523 2522
 2493 2494 2524 2523
 2494 2495 2525 2524
 2495 2496 2526 2525
 2496 2497 2527 2526
 2497 2498 2528 2527
 2498 2499 2529 2528
 2499 2500 2530 2529
 2500 2501 2531 2530
 2501 2502 2532 2531
 2502 2503 2533 2532
 2503 2504 2534 2533
 2504 2505 2535 2534
 2505 2506 2536 2535
 2506 2477 2507 2536
 2507 2508 2538 2537
 2508 2509 2539 2538
 2509 2510 2540 2539
 2510 2511 2541 2540
 2511 2512 2542 2541
 2512 2513 2543 2542
 2513 2514 2544 2543
 2514 2515 2545 2544
 2515 2516 2546 2545
 2516 2517 2547 2546
 2517 2518 2548 2547
 2518 2519 2549 2548
 2519 2520 2550 2549
 2520 2521 2551 2550
 2521 2522 2552 2551
 2522 2523 2553 2552
 2523 2524 2554 2553
 2524 2525 2555 2554
 2525 2526 2556 2555
 2526 2527 2557 2556
 2527 2528 2558 2557
 2528 2529 2559 2558
 2529 2530 2560 2559
 2530 2531 2561 2560
 2531 2532 2562 2561
 2532 2533 2563 2562
 2533 2534 2564 2563
 2534 2535 2565 2564
 2535 2536 2566 2565
 2536 2507 2537 2566
 2537 2538 2568 2567
 2538 2539 2569 2568
 2539 2540 2570 2569
 2540 2541 2571 2570
 2541 2542 2572 2571
 2542 2543 2573 2572
 2543 2544 2574 2573
 2544 2545 2575 2574
 2545 2546 2576 2575
 2546 2547 2577 2576
 2547 2548 2578 2577
 2548 2549 2579 2578
 2549 2550 2580 2579
 2550 2551 2581 2580
 2551 2552 2582 2581
 2552 2553 2583 2582
 2553 2554 2584 2583
 2554 2555 2585 2584
 2555 2556 2586 2585
 2556 2557 2587 2586
 2557 2558 2588 2587
 2558 2559 2589 2588
 2559 2560 2590 2589
 2560 2561 2591 2590
 2561 2562 2592 2591
 2562 2563 2593 2592
 2563 2564 2594 2593
 2564 2565 2595 2594
 2565 2566 2596 2595
 2566 2537 2567 2596
 2567 2568 2598 2597
 2568 2569 2599 2598
 2569 2570 2600 2599
 2570 2571 2601 2600
 2571 2572 2602 2601
 2572 2573 2603 2602
 2573 2574 2604 2603
 2574 2575 2605 2604
 2575 2576 2606 2605
 2576 2577 2607 2606
 2577 2578 2608 2607
 2578 2579 2609 2608
 2579 2580 2610 2609
 2580 2581 2611 2610
 2581 2582 2612 2611
 2582 2583 2613 2612
 2583 2584 2614 2613
 2584 2585 2615 2614
 2585 2586 2616 2615
 2586 2587 2617 2616
 2587 2588 2618 2617
 2588 2589 2619 2618
 2589 2590 2620 2619
 2590 2591 2621 2620
 2591 2592 2622 2621
 2592 2593 2623 2622
 2593 2594 2624 2623
 2594 2595 2625 2624
 2595 2596 2626 2625
 2596 2567 2597 2626
 2597 2598 2628 2627
 2598 2599 2629 2628
 2599 2600 2630 2629
 2600 2601 2631 2630
 2601 2602 2632 2631
 2602 2603 2633 2632
 2603 2604 2634 2633
 2604 2605 2635 2634
 2605 2606 2636 2635
 2606 2607 2637 2636
 2607 2608 2638 2637
 2608 2609 2639 2638
 2609 2610 2640 2639
 2610 2611 2641 2640
 2611 2612 2642 2641
 2612 2613 2643 2642
 2613 2614 2644 2643
 2614 2615 2645 2644
 2615 2616 2646 2645
 2616 2617 2647 2646
 2617 2618 2648 2647
 2618 2619 2649 2648
 2619 2620 2650 2649
 2620 2621 2651 2650
 2621 2622 2652 2651
 2622 2623 2653 2652
 2623 2624 2654 2653
 2624 2625 2655 2654
 2625 2626 2656 2655
 2626 2597 2627 2656
 2627 2628 2658 2657
 2628 2629 2659 2658
 2629 2630 2660 2659
 2630 2631 2661 2660
 2631 2632 2662 2661
 2632 2633 2663 2662
 2633 2634 2664 2663
 2634 2635 2665 2664
 2635 2636 2666 2665
 2636 2637 2667 2666
 2637 2638 2668 2667
 2638 2639 2669 2668
 2639 2640 2670 2669
 2640 2641 2671 2670
 2641 2642 2672 2671
 2642 2643 2673 2672
 2643 2644 2674 2673
 2644 2645 2675 2674
 2645 2646 2676 2675
 2646 2647 2677 2676
 2647 2648 2678 2677
 2648 2649 2679 2678
 2649 2650 2680 2679
 2650 2651 2681 2680
 2651 2652 2682 2681
 2652 2653 2683 2682
 2653 2654 2684 2683
 2654 2655 2685 2684
 2655 2656 2686 2685
 2656 2627 2657 2686
 2657 2658 2688 2687
 2658 2659 2689 2688
 2659 2660 2690 2689
 2660 2661 2691 2690
 2661 2662 2692 2691
 2662 2663 2693 2692
 2663 2664 2694 2693
 2664 2665 2695 2694
 2665 2666 2696 2695
 2666 2667 2697 2696
 2667 2668 2698 2697
 2668 2669 2699 2698
 2669 2670 2700 2699
 2670 2671 2701 2700
 2671 2672 2702 2701
 2672 2673 2703 2702
 2673 2674 2704 2703
 2674 2675 2705 2704
 2675 2676 2706 2705
 2676 2677 2707 2706
 2677 2678 2708 2707
 2678 2679 2709 2708
 2679 2680 2710 2709
 2680 2681 2711 2710
 2681 2682 2712 2711
 2682 2683 2713 2712
 2683 2684 2714 2713
 2684 2685 2715 2714
 2685 2686 2716 2715
 2686 2657 2687 2716
 2687 2688 2718 2717
 2688 2689 2719 2718
 2689 2690 2720 2719
 2690 2691 2721 2720
 2691 2692 2722 2721
 2692 2693 2723 2722
 2693 2694 2724 2723
 2694 2695 2725 2724
 2695 2696 2726 2725
 2696 2697 2727 2726
 2697 2698 2728 2727
 2698 2699 2729 2728
 2699 2700 2730 2729
 2700 2701 2731 2730
 2701 2702 2732 2731
 2702 2703 2733 2732
 2703 2704 2734 2733
 2704 2705 2735 2734
 2705 2706 2736 2735
 2706 2707 2737 2736
 2707 2708 2738 2737
 2708 2709 2739 2738
 2709 2710 2740 2739
 2710 2711 2741 2740
 2711 2712 2742 2741
 2712 2713 2743 2742
 2713 2714 2744 2743
 2714 2715 2745 2744
 2715 2716 2746 2745
 2716 2687 2717 2746
 2717 2718 2748 2747
 2718 2719 2749 2748
 2719 2720 2750 2749
 2720 2721 2751 2750
 2721 2722 2752 2751
 2722 2723 2753 2752
 2723 2724 2754 2753
 2724 2725 2755 2754
 2725 2726 2756 2755
 2726 2727 2757 2756
 2727 2728 2758 2757
 2728 2729 2759 2758
 2729 2730 2760 2759
 2730 2731 2761 2760
 2731 2732 2762 2761
 2732 2733 2763 2762
 2733 2734 2764 2763
 2734 2735 2765 2764
 2735 2736 2766 2765
 2736 2737 2767 2766
 2737 2738 2768 2767
 2738 2739 2769 2768
 2739 2740 2770 2769
 2740 2741 2771 2770
 2741 2742 2772 2771
 2742 2743 2773 2772
 2743 2744 2774 2773
 2744 2745 2775 2774
 2745 2746 2776 2775
 2746 2717 2747 2776
 2747 2748 2778 2777
 2748 2749 2779 2778
 2749 2750 2780 2779
 2750 2751 2781 2780
 2751 2752 2782 2781
 2752 2753 2783 2782
 2753 2754 2784 2783
 2754 2755 2785 2784
 2755 2756 2786 2785
 2756 2757 2787 2786
 2757 2758 2788 2787
 2758 2759 2789 2788
 2759 2760 2790 2789
 2760 2761 2791 2790
 2761 2762 2792 2791
 2762 2763 2793 2792
 2763 2764 2794 2793
 2764 2765 2795 2794
 2765 2766 2796 2795
 2766 2767 2797 2796
 2767 2768 2798 2797
 2768 2769 2799 2798
 2769 2770 2800 2799
 2770 2771 2801 2800
 2771 2772 2802 2801
 2772 2773 2803 2802
 2773 2774 2804 2803
 2774 2775 2805 2804
 2775 2776 2806 2805
 2776 2747 2777 2806
 1938 1937 2807
 1939 1938 2807
 1940 1939 2807
 1941 1940 2807
 1942 1941 2807
 1943 1942 2807
 1944 1943 2807
 1945 1944 2807
 1946 1945 2807
 1947 1946 2807
 1948 1947 2807
 1949 1948 2807
 1950 1949 2807
 1951 1950 2807
 1952 1951 2807
 1953 1952 2807
 1954 1953 2807
 1955 1954 2807
 1956 1955 2807
 1957 1956 2807
 1958 1957 2807
 1959 1958 2807
 1960 1959 2807
 1961 1960 2807
 1962 1961 2807
 1963 1962 2807
 1964 1963 2807
 1965 1964 2807
 1966 1965 2807
 1937 1966 2807
 2777 2778 2808
 2778 2779 2808
 2779 2780 2808
 2780 2781 2808
 2781 2782 2808
 2782 2783 2808
 2783 2784 2808
 2784 2785 2808
 2785 2786 2808
 2786 2787 2808
 2787 2788 2808
 2788 2789 2808
 2789 2790 2808
 2790 2791 2808
 2791 2792 2808
 2792 2793 2808
 2793 2794 2808
 2794 2795 2808
 2795 2796 2808
 2796 2797 2808
 2797 2798 2808
 2798 2799 2808
 2799 2800 2808
 2800 2801 2808
 2801 2802 2808
 2802 2803 2808
 2803 2804 2808
 2804 2805 2808
 2805 2806 2808
 2806 2777 2808
