 3681 3703 3705 3687
 3800 3801 3699 3693
 3696 3803 3804 3695
 3800 3693 3694 3799
 3689 3783 3784 3690
 3779 3780 3692 3691
 3689 3701 3782 3783
 3790 3689 3690 3789
 3692 3793 3794 3691
 3790 3791 3701 3689
 3700 3802 3803 3696
 3702 3792 3793 3692
 3780 3781 3702 3692
 3706 3704 3682 3686
 3801 3802 3700 3699
 3791 3792 3702 3701
 3701 3702 3781 3782
 3703 3704 3706 3705
 3742 3708 3797 3798
 3743 3709 3787 3788
 3785 3786 3709 3743
 3748 3711 3710 3747
 3748 3749 3712 3711
 3750 3713 3712 3749
 3754 3714 3777 3778
 3795 3796 3714 3754
 3805 3806 3715 3755
 3752 3725 3827 3828
 3830 3730 3728 3829
 3831 3731 3730 3830
 3734 3731 3831 3832
 3736 3734 3832 3833
 3737 3736 3833 3834
 3835 3836 3740 3745
 3845 3846 3713 3750
 3682 3843 3844 3686
 3704 3842 3843 3682
 3841 3842 3704 3703
 3840 3841 3703 3681
 3839 3840 3681 3687
 3747 3710 3837 3838
 3726 3725 3752 3753
 3727 3728 3730 3729
 3729 3730 3731 3732
 3732 3731 3734 3733
 3733 3734 3736 3735
 3735 3736 3737 3738
 3744 3745 3740 3739
 3694 3742 3798 3799
 3690 3743 3788 3789
 3784 3785 3743 3690
 3738 3737 3745 3744
 3834 3835 3745 3737
 3687 3747 3838 3839
 3705 3748 3747 3687
 3705 3706 3749 3748
 3686 3750 3749 3706
 3844 3845 3750 3686
 3728 3752 3828 3829
 3753 3752 3728 3727
 3691 3754 3778 3779
 3794 3795 3754 3691
 3804 3805 3755 3695
 3758 3757 3817 3818
 3759 3758 3818 3819
 3819 3820 3760 3759
 3820 3821 3761 3760
 3762 3761 3821 3822
 3763 3762 3822 3823
 3764 3763 3823 3824
 3824 3825 3765 3764
 3825 3826 3766 3765
 3768 3767 3807 3808
 3769 3768 3808 3809
 3810 3770 3769 3809
 3810 3811 3771 3770
 3811 3812 3772 3771
 3773 3772 3812 3813
 3774 3773 3813 3814
 3814 3815 3775 3774
 3815 3816 3776 3775
 3778 3777 3757 3758
 3779 3778 3758 3759
 3759 3760 3780 3779
 3760 3761 3781 3780
 3782 3781 3761 3762
 3783 3782 3762 3763
 3784 3783 3763 3764
 3764 3765 3785 3784
 3765 3766 3786 3785
 3788 3787 3708 3742
 3789 3788 3742 3694
 3693 3790 3789 3694
 3693 3699 3791 3790
 3699 3700 3792 3791
 3793 3792 3700 3696
 3794 3793 3696 3695
 3695 3755 3795 3794
 3755 3715 3796 3795
 3798 3797 3767 3768
 3799 3798 3768 3769
 3770 3800 3799 3769
 3770 3771 3801 3800
 3771 3772 3802 3801
 3803 3802 3772 3773
 3804 3803 3773 3774
 3774 3775 3805 3804
 3775 3776 3806 3805
 3808 3807 3707 3741
 3809 3808 3741 3688
 3683 3810 3809 3688
 3683 3698 3811 3810
 3698 3697 3812 3811
 3813 3812 3697 3684
 3814 3813 3684 3685
 3685 3756 3815 3814
 3756 3716 3816 3815
 3818 3817 3726 3753
 3819 3818 3753 3727
 3727 3729 3820 3819
 3729 3732 3821 3820
 3822 3821 3732 3733
 3823 3822 3733 3735
 3824 3823 3735 3738
 3738 3744 3825 3824
 3744 3739 3826 3825
 3828 3827 3717 3751
 3829 3828 3751 3718
 3719 3830 3829 3718
 3720 3831 3830 3719
 3832 3831 3720 3721
 3833 3832 3721 3722
 3834 3833 3722 3723
 3723 3746 3835 3834
 3746 3724 3836 3835
 3838 3837 3724 3746
 3839 3838 3746 3723
 3723 3722 3840 3839
 3722 3721 3841 3840
 3721 3720 3842 3841
 3843 3842 3720 3719
 3844 3843 3719 3718
 3718 3751 3845 3844
 3751 3717 3846 3845
 3847 3853 3871 3869
 3941 3859 3865 3942
 3862 3861 3945 3944
 3941 3940 3860 3859
 3855 3856 3929 3928
 3924 3857 3858 3925
 3855 3928 3927 3867
 3933 3932 3856 3855
 3858 3857 3937 3936
 3933 3855 3867 3934
 3866 3862 3944 3943
 3868 3858 3936 3935
 3925 3858 3868 3926
 3872 3852 3848 3870
 3942 3865 3866 3943
 3934 3867 3868 3935
 3867 3927 3926 3868
 3869 3871 3872 3870
 3892 3939 3797 3708
 3893 3931 3787 3709
 3930 3893 3709 3786
 3898 3897 3710 3711
 3898 3711 3712 3899
 3900 3899 3712 3713
 3904 3923 3777 3714
 3938 3904 3714 3796
 3946 3905 3715 3806
 3902 3963 3827 3725
 3965 3964 3880 3882
 3966 3965 3882 3883
 3886 3967 3966 3883
 3888 3968 3967 3886
 3889 3969 3968 3888
 3970 3895 3740 3836
 3978 3900 3713 3846
 3848 3852 3977 3976
 3870 3848 3976 3975
 3974 3869 3870 3975
 3973 3847 3869 3974
 3972 3853 3847 3973
 3897 3971 3837 3710
 3726 3903 3902 3725
 3879 3881 3882 3880
 3881 3884 3883 3882
 3884 3885 3886 3883
 3885 3887 3888 3886
 3887 3890 3889 3888
 3894 3739 3740 3895
 3860 3940 3939 3892
 3856 3932 3931 3893
 3929 3856 3893 3930
 3890 3894 3895 3889
 3969 3889 3895 3970
 3853 3972 3971 3897
 3871 3853 3897 3898
 3871 3898 3899 3872
 3852 3872 3899 3900
 3977 3852 3900 3978
 3880 3964 3963 3902
 3903 3879 3880 3902
 3857 3924 3923 3904
 3937 3857 3904 3938
 3945 3861 3905 3946
 3907 3955 3817 3757
 3908 3956 3955 3907
 3956 3908 3909 3957
 3957 3909 3910 3958
 3911 3959 3958 3910
 3912 3960 3959 3911
 3913 3961 3960 3912
 3961 3913 3914 3962
 3962 3914 3766 3826
 3915 3947 3807 3767
 3916 3948 3947 3915
 3949 3948 3916 3917
 3949 3917 3918 3950
 3950 3918 3919 3951
 3920 3952 3951 3919
 3921 3953 3952 3920
 3953 3921 3922 3954
 3954 3922 3776 3816
 3923 3907 3757 3777
 3924 3908 3907 3923
 3908 3924 3925 3909
 3909 3925 3926 3910
 3927 3911 3910 3926
 3928 3912 3911 3927
 3929 3913 3912 3928
 3913 3929 3930 3914
 3914 3930 3786 3766
 3931 3892 3708 3787
 3932 3860 3892 3931
 3859 3860 3932 3933
 3859 3933 3934 3865
 3865 3934 3935 3866
 3936 3862 3866 3935
 3937 3861 3862 3936
 3861 3937 3938 3905
 3905 3938 3796 3715
 3939 3915 3767 3797
 3940 3916 3915 3939
 3917 3916 3940 3941
 3917 3941 3942 3918
 3918 3942 3943 3919
 3944 3920 3919 3943
 3945 3921 3920 3944
 3921 3945 3946 3922
 3922 3946 3806 3776
 3947 3891 3707 3807
 3948 3854 3891 3947
 3849 3854 3948 3949
 3849 3949 3950 3864
 3864 3950 3951 3863
 3952 3850 3863 3951
 3953 3851 3850 3952
 3851 3953 3954 3906
 3906 3954 3816 3716
 3955 3903 3726 3817
 3956 3879 3903 3955
 3879 3956 3957 3881
 3881 3957 3958 3884
 3959 3885 3884 3958
 3960 3887 3885 3959
 3961 3890 3887 3960
 3890 3961 3962 3894
 3894 3962 3826 3739
 3963 3901 3717 3827
 3964 3873 3901 3963
 3874 3873 3964 3965
 3875 3874 3965 3966
 3967 3876 3875 3966
 3968 3877 3876 3967
 3969 3878 3877 3968
 3878 3969 3970 3896
 3896 3970 3836 3724
 3971 3896 3724 3837
 3972 3878 3896 3971
 3878 3972 3973 3877
 3877 3973 3974 3876
 3876 3974 3975 3875
 3976 3874 3875 3975
 3977 3873 3874 3976
 3873 3977 3978 3901
 3901 3978 3846 3717
