2809	2810
2809	2839
2809	2838
2809	3679
2810	2840
2810	2811
2810	3679
2811	2841
2811	2812
2811	3679
2812	2842
2812	2813
2812	3679
2813	2843
2813	2814
2813	3679
2814	2844
2814	2815
2814	3679
2815	2845
2815	2816
2815	3679
2816	2846
2816	2817
2816	3679
2817	2847
2817	2818
2817	3679
2818	2848
2818	2819
2818	3679
2819	2849
2819	2820
2819	3679
2820	2850
2820	2821
2820	3679
2821	2851
2821	2822
2821	3679
2822	2852
2822	2823
2822	3679
2823	2853
2823	2824
2823	3679
2824	2854
2824	2825
2824	3679
2825	2855
2825	2826
2825	3679
2826	2856
2826	2827
2826	3679
2827	2857
2827	2828
2827	3679
2828	2858
2828	2829
2828	3679
2829	2859
2829	2830
2829	3679
2830	2860
2830	2831
2830	3679
2831	2861
2831	2832
2831	3679
2832	2862
2832	2833
2832	3679
2833	2863
2833	2834
2833	3679
2834	2864
2834	2835
2834	3679
2835	2865
2835	2836
2835	3679
2836	2866
2836	2837
2836	3679
2837	2867
2837	2838
2837	3679
2838	2868
2838	3679
2839	2840
2839	2868
2839	2869
2840	2841
2840	2870
2841	2842
2841	2871
2842	2843
2842	2872
2843	2844
2843	2873
2844	2845
2844	2874
2845	2846
2845	2875
2846	2847
2846	2876
2847	2848
2847	2877
2848	2849
2848	2878
2849	2850
2849	2879
2850	2851
2850	2880
2851	2852
2851	2881
2852	2853
2852	2882
2853	2854
2853	2883
2854	2855
2854	2884
2855	2856
2855	2885
2856	2857
2856	2886
2857	2858
2857	2887
2858	2859
2858	2888
2859	2860
2859	2889
2860	2861
2860	2890
2861	2862
2861	2891
2862	2863
2862	2892
2863	2864
2863	2893
2864	2865
2864	2894
2865	2866
2865	2895
2866	2867
2866	2896
2867	2868
2867	2897
2868	2898
2869	2870
2869	2898
2869	2899
2870	2871
2870	2900
2871	2872
2871	2901
2872	2873
2872	2902
2873	2874
2873	2903
2874	2875
2874	2904
2875	2876
2875	2905
2876	2877
2876	2906
2877	2878
2877	2907
2878	2879
2878	2908
2879	2880
2879	2909
2880	2881
2880	2910
2881	2882
2881	2911
2882	2883
2882	2912
2883	2884
2883	2913
2884	2885
2884	2914
2885	2886
2885	2915
2886	2887
2886	2916
2887	2888
2887	2917
2888	2889
2888	2918
2889	2890
2889	2919
2890	2891
2890	2920
2891	2892
2891	2921
2892	2893
2892	2922
2893	2894
2893	2923
2894	2895
2894	2924
2895	2896
2895	2925
2896	2897
2896	2926
2897	2898
2897	2927
2898	2928
2899	2900
2899	2928
2899	2929
2900	2901
2900	2930
2901	2902
2901	2931
2902	2903
2902	2932
2903	2904
2903	2933
2904	2905
2904	2934
2905	2906
2905	2935
2906	2907
2906	2936
2907	2908
2907	2937
2908	2909
2908	2938
2909	2910
2909	2939
2910	2911
2910	2940
2911	2912
2911	2941
2912	2913
2912	2942
2913	2914
2913	2943
2914	2915
2914	2944
2915	2916
2915	2945
2916	2917
2916	2946
2917	2918
2917	2947
2918	2919
2918	2948
2919	2920
2919	2949
2920	2921
2920	2950
2921	2922
2921	2951
2922	2923
2922	2952
2923	2924
2923	2953
2924	2925
2924	2954
2925	2926
2925	2955
2926	2927
2926	2956
2927	2928
2927	2957
2928	2958
2929	2930
2929	2958
2929	2959
2930	2931
2930	2960
2931	2932
2931	2961
2932	2933
2932	2962
2933	2934
2933	2963
2934	2935
2934	2964
2935	2936
2935	2965
2936	2937
2936	2966
2937	2938
2937	2967
2938	2939
2938	2968
2939	2940
2939	2969
2940	2941
2940	2970
2941	2942
2941	2971
2942	2943
2942	2972
2943	2944
2943	2973
2944	2945
2944	2974
2945	2946
2945	2975
2946	2947
2946	2976
2947	2948
2947	2977
2948	2949
2948	2978
2949	2950
2949	2979
2950	2951
2950	2980
2951	2952
2951	2981
2952	2953
2952	2982
2953	2954
2953	2983
2954	2955
2954	2984
2955	2956
2955	2985
2956	2957
2956	2986
2957	2958
2957	2987
2958	2988
2959	2960
2959	2988
2959	2989
2960	2961
2960	2990
2961	2962
2961	2991
2962	2963
2962	2992
2963	2964
2963	2993
2964	2965
2964	2994
2965	2966
2965	2995
2966	2967
2966	2996
2967	2968
2967	2997
2968	2969
2968	2998
2969	2970
2969	2999
2970	2971
2970	3000
2971	2972
2971	3001
2972	2973
2972	3002
2973	2974
2973	3003
2974	2975
2974	3004
2975	2976
2975	3005
2976	2977
2976	3006
2977	2978
2977	3007
2978	2979
2978	3008
2979	2980
2979	3009
2980	2981
2980	3010
2981	2982
2981	3011
2982	2983
2982	3012
2983	2984
2983	3013
2984	2985
2984	3014
2985	2986
2985	3015
2986	2987
2986	3016
2987	2988
2987	3017
2988	3018
2989	2990
2989	3018
2989	3019
2990	2991
2990	3020
2991	2992
2991	3021
2992	2993
2992	3022
2993	2994
2993	3023
2994	2995
2994	3024
2995	2996
2995	3025
2996	2997
2996	3026
2997	2998
2997	3027
2998	2999
2998	3028
2999	3000
2999	3029
3000	3001
3000	3030
3001	3002
3001	3031
3002	3003
3002	3032
3003	3004
3003	3033
3004	3005
3004	3034
3005	3006
3005	3035
3006	3007
3006	3036
3007	3008
3007	3037
3008	3009
3008	3038
3009	3010
3009	3039
3010	3011
3010	3040
3011	3012
3011	3041
3012	3013
3012	3042
3013	3014
3013	3043
3014	3015
3014	3044
3015	3016
3015	3045
3016	3017
3016	3046
3017	3018
3017	3047
3018	3048
3019	3020
3019	3048
3019	3049
3020	3021
3020	3050
3021	3022
3021	3051
3022	3023
3022	3052
3023	3024
3023	3053
3024	3025
3024	3054
3025	3026
3025	3055
3026	3027
3026	3056
3027	3028
3027	3057
3028	3029
3028	3058
3029	3030
3029	3059
3030	3031
3030	3060
3031	3032
3031	3061
3032	3033
3032	3062
3033	3034
3033	3063
3034	3035
3034	3064
3035	3036
3035	3065
3036	3037
3036	3066
3037	3038
3037	3067
3038	3039
3038	3068
3039	3040
3039	3069
3040	3041
3040	3070
3041	3042
3041	3071
3042	3043
3042	3072
3043	3044
3043	3073
3044	3045
3044	3074
3045	3046
3045	3075
3046	3047
3046	3076
3047	3048
3047	3077
3048	3078
3049	3050
3049	3078
3049	3079
3050	3051
3050	3080
3051	3052
3051	3081
3052	3053
3052	3082
3053	3054
3053	3083
3054	3055
3054	3084
3055	3056
3055	3085
3056	3057
3056	3086
3057	3058
3057	3087
3058	3059
3058	3088
3059	3060
3059	3089
3060	3061
3060	3090
3061	3062
3061	3091
3062	3063
3062	3092
3063	3064
3063	3093
3064	3065
3064	3094
3065	3066
3065	3095
3066	3067
3066	3096
3067	3068
3067	3097
3068	3069
3068	3098
3069	3070
3069	3099
3070	3071
3070	3100
3071	3072
3071	3101
3072	3073
3072	3102
3073	3074
3073	3103
3074	3075
3074	3104
3075	3076
3075	3105
3076	3077
3076	3106
3077	3078
3077	3107
3078	3108
3079	3080
3079	3108
3079	3109
3080	3081
3080	3110
3081	3082
3081	3111
3082	3083
3082	3112
3083	3084
3083	3113
3084	3085
3084	3114
3085	3086
3085	3115
3086	3087
3086	3116
3087	3088
3087	3117
3088	3089
3088	3118
3089	3090
3089	3119
3090	3091
3090	3120
3091	3092
3091	3121
3092	3093
3092	3122
3093	3094
3093	3123
3094	3095
3094	3124
3095	3096
3095	3125
3096	3097
3096	3126
3097	3098
3097	3127
3098	3099
3098	3128
3099	3100
3099	3129
3100	3101
3100	3130
3101	3102
3101	3131
3102	3103
3102	3132
3103	3104
3103	3133
3104	3105
3104	3134
3105	3106
3105	3135
3106	3107
3106	3136
3107	3108
3107	3137
3108	3138
3109	3110
3109	3138
3109	3139
3110	3111
3110	3140
3111	3112
3111	3141
3112	3113
3112	3142
3113	3114
3113	3143
3114	3115
3114	3144
3115	3116
3115	3145
3116	3117
3116	3146
3117	3118
3117	3147
3118	3119
3118	3148
3119	3120
3119	3149
3120	3121
3120	3150
3121	3122
3121	3151
3122	3123
3122	3152
3123	3124
3123	3153
3124	3125
3124	3154
3125	3126
3125	3155
3126	3127
3126	3156
3127	3128
3127	3157
3128	3129
3128	3158
3129	3130
3129	3159
3130	3131
3130	3160
3131	3132
3131	3161
3132	3133
3132	3162
3133	3134
3133	3163
3134	3135
3134	3164
3135	3136
3135	3165
3136	3137
3136	3166
3137	3138
3137	3167
3138	3168
3139	3140
3139	3168
3139	3169
3140	3141
3140	3170
3141	3142
3141	3171
3142	3143
3142	3172
3143	3144
3143	3173
3144	3145
3144	3174
3145	3146
3145	3175
3146	3147
3146	3176
3147	3148
3147	3177
3148	3149
3148	3178
3149	3150
3149	3179
3150	3151
3150	3180
3151	3152
3151	3181
3152	3153
3152	3182
3153	3154
3153	3183
3154	3155
3154	3184
3155	3156
3155	3185
3156	3157
3156	3186
3157	3158
3157	3187
3158	3159
3158	3188
3159	3160
3159	3189
3160	3161
3160	3190
3161	3162
3161	3191
3162	3163
3162	3192
3163	3164
3163	3193
3164	3165
3164	3194
3165	3166
3165	3195
3166	3167
3166	3196
3167	3168
3167	3197
3168	3198
3169	3170
3169	3198
3169	3199
3170	3171
3170	3200
3171	3172
3171	3201
3172	3173
3172	3202
3173	3174
3173	3203
3174	3175
3174	3204
3175	3176
3175	3205
3176	3177
3176	3206
3177	3178
3177	3207
3178	3179
3178	3208
3179	3180
3179	3209
3180	3181
3180	3210
3181	3182
3181	3211
3182	3183
3182	3212
3183	3184
3183	3213
3184	3185
3184	3214
3185	3186
3185	3215
3186	3187
3186	3216
3187	3188
3187	3217
3188	3189
3188	3218
3189	3190
3189	3219
3190	3191
3190	3220
3191	3192
3191	3221
3192	3193
3192	3222
3193	3194
3193	3223
3194	3195
3194	3224
3195	3196
3195	3225
3196	3197
3196	3226
3197	3198
3197	3227
3198	3228
3199	3200
3199	3228
3199	3229
3200	3201
3200	3230
3201	3202
3201	3231
3202	3203
3202	3232
3203	3204
3203	3233
3204	3205
3204	3234
3205	3206
3205	3235
3206	3207
3206	3236
3207	3208
3207	3237
3208	3209
3208	3238
3209	3210
3209	3239
3210	3211
3210	3240
3211	3212
3211	3241
3212	3213
3212	3242
3213	3214
3213	3243
3214	3215
3214	3244
3215	3216
3215	3245
3216	3217
3216	3246
3217	3218
3217	3247
3218	3219
3218	3248
3219	3220
3219	3249
3220	3221
3220	3250
3221	3222
3221	3251
3222	3223
3222	3252
3223	3224
3223	3253
3224	3225
3224	3254
3225	3226
3225	3255
3226	3227
3226	3256
3227	3228
3227	3257
3228	3258
3229	3230
3229	3258
3229	3259
3230	3231
3230	3260
3231	3232
3231	3261
3232	3233
3232	3262
3233	3234
3233	3263
3234	3235
3234	3264
3235	3236
3235	3265
3236	3237
3236	3266
3237	3238
3237	3267
3238	3239
3238	3268
3239	3240
3239	3269
3240	3241
3240	3270
3241	3242
3241	3271
3242	3243
3242	3272
3243	3244
3243	3273
3244	3245
3244	3274
3245	3246
3245	3275
3246	3247
3246	3276
3247	3248
3247	3277
3248	3249
3248	3278
3249	3250
3249	3279
3250	3251
3250	3280
3251	3252
3251	3281
3252	3253
3252	3282
3253	3254
3253	3283
3254	3255
3254	3284
3255	3256
3255	3285
3256	3257
3256	3286
3257	3258
3257	3287
3258	3288
3259	3260
3259	3288
3259	3289
3260	3261
3260	3290
3261	3262
3261	3291
3262	3263
3262	3292
3263	3264
3263	3293
3264	3265
3264	3294
3265	3266
3265	3295
3266	3267
3266	3296
3267	3268
3267	3297
3268	3269
3268	3298
3269	3270
3269	3299
3270	3271
3270	3300
3271	3272
3271	3301
3272	3273
3272	3302
3273	3274
3273	3303
3274	3275
3274	3304
3275	3276
3275	3305
3276	3277
3276	3306
3277	3278
3277	3307
3278	3279
3278	3308
3279	3280
3279	3309
3280	3281
3280	3310
3281	3282
3281	3311
3282	3283
3282	3312
3283	3284
3283	3313
3284	3285
3284	3314
3285	3286
3285	3315
3286	3287
3286	3316
3287	3288
3287	3317
3288	3318
3289	3290
3289	3318
3289	3319
3290	3291
3290	3320
3291	3292
3291	3321
3292	3293
3292	3322
3293	3294
3293	3323
3294	3295
3294	3324
3295	3296
3295	3325
3296	3297
3296	3326
3297	3298
3297	3327
3298	3299
3298	3328
3299	3300
3299	3329
3300	3301
3300	3330
3301	3302
3301	3331
3302	3303
3302	3332
3303	3304
3303	3333
3304	3305
3304	3334
3305	3306
3305	3335
3306	3307
3306	3336
3307	3308
3307	3337
3308	3309
3308	3338
3309	3310
3309	3339
3310	3311
3310	3340
3311	3312
3311	3341
3312	3313
3312	3342
3313	3314
3313	3343
3314	3315
3314	3344
3315	3316
3315	3345
3316	3317
3316	3346
3317	3318
3317	3347
3318	3348
3319	3320
3319	3348
3319	3349
3320	3321
3320	3350
3321	3322
3321	3351
3322	3323
3322	3352
3323	3324
3323	3353
3324	3325
3324	3354
3325	3326
3325	3355
3326	3327
3326	3356
3327	3328
3327	3357
3328	3329
3328	3358
3329	3330
3329	3359
3330	3331
3330	3360
3331	3332
3331	3361
3332	3333
3332	3362
3333	3334
3333	3363
3334	3335
3334	3364
3335	3336
3335	3365
3336	3337
3336	3366
3337	3338
3337	3367
3338	3339
3338	3368
3339	3340
3339	3369
3340	3341
3340	3370
3341	3342
3341	3371
3342	3343
3342	3372
3343	3344
3343	3373
3344	3345
3344	3374
3345	3346
3345	3375
3346	3347
3346	3376
3347	3348
3347	3377
3348	3378
3349	3350
3349	3378
3349	3379
3350	3351
3350	3380
3351	3352
3351	3381
3352	3353
3352	3382
3353	3354
3353	3383
3354	3355
3354	3384
3355	3356
3355	3385
3356	3357
3356	3386
3357	3358
3357	3387
3358	3359
3358	3388
3359	3360
3359	3389
3360	3361
3360	3390
3361	3362
3361	3391
3362	3363
3362	3392
3363	3364
3363	3393
3364	3365
3364	3394
3365	3366
3365	3395
3366	3367
3366	3396
3367	3368
3367	3397
3368	3369
3368	3398
3369	3370
3369	3399
3370	3371
3370	3400
3371	3372
3371	3401
3372	3373
3372	3402
3373	3374
3373	3403
3374	3375
3374	3404
3375	3376
3375	3405
3376	3377
3376	3406
3377	3378
3377	3407
3378	3408
3379	3380
3379	3408
3379	3409
3380	3381
3380	3410
3381	3382
3381	3411
3382	3383
3382	3412
3383	3384
3383	3413
3384	3385
3384	3414
3385	3386
3385	3415
3386	3387
3386	3416
3387	3388
3387	3417
3388	3389
3388	3418
3389	3390
3389	3419
3390	3391
3390	3420
3391	3392
3391	3421
3392	3393
3392	3422
3393	3394
3393	3423
3394	3395
3394	3424
3395	3396
3395	3425
3396	3397
3396	3426
3397	3398
3397	3427
3398	3399
3398	3428
3399	3400
3399	3429
3400	3401
3400	3430
3401	3402
3401	3431
3402	3403
3402	3432
3403	3404
3403	3433
3404	3405
3404	3434
3405	3406
3405	3435
3406	3407
3406	3436
3407	3408
3407	3437
3408	3438
3409	3410
3409	3438
3409	3439
3410	3411
3410	3440
3411	3412
3411	3441
3412	3413
3412	3442
3413	3414
3413	3443
3414	3415
3414	3444
3415	3416
3415	3445
3416	3417
3416	3446
3417	3418
3417	3447
3418	3419
3418	3448
3419	3420
3419	3449
3420	3421
3420	3450
3421	3422
3421	3451
3422	3423
3422	3452
3423	3424
3423	3453
3424	3425
3424	3454
3425	3426
3425	3455
3426	3427
3426	3456
3427	3428
3427	3457
3428	3429
3428	3458
3429	3430
3429	3459
3430	3431
3430	3460
3431	3432
3431	3461
3432	3433
3432	3462
3433	3434
3433	3463
3434	3435
3434	3464
3435	3436
3435	3465
3436	3437
3436	3466
3437	3438
3437	3467
3438	3468
3439	3440
3439	3468
3439	3469
3440	3441
3440	3470
3441	3442
3441	3471
3442	3443
3442	3472
3443	3444
3443	3473
3444	3445
3444	3474
3445	3446
3445	3475
3446	3447
3446	3476
3447	3448
3447	3477
3448	3449
3448	3478
3449	3450
3449	3479
3450	3451
3450	3480
3451	3452
3451	3481
3452	3453
3452	3482
3453	3454
3453	3483
3454	3455
3454	3484
3455	3456
3455	3485
3456	3457
3456	3486
3457	3458
3457	3487
3458	3459
3458	3488
3459	3460
3459	3489
3460	3461
3460	3490
3461	3462
3461	3491
3462	3463
3462	3492
3463	3464
3463	3493
3464	3465
3464	3494
3465	3466
3465	3495
3466	3467
3466	3496
3467	3468
3467	3497
3468	3498
3469	3470
3469	3498
3469	3499
3470	3471
3470	3500
3471	3472
3471	3501
3472	3473
3472	3502
3473	3474
3473	3503
3474	3475
3474	3504
3475	3476
3475	3505
3476	3477
3476	3506
3477	3478
3477	3507
3478	3479
3478	3508
3479	3480
3479	3509
3480	3481
3480	3510
3481	3482
3481	3511
3482	3483
3482	3512
3483	3484
3483	3513
3484	3485
3484	3514
3485	3486
3485	3515
3486	3487
3486	3516
3487	3488
3487	3517
3488	3489
3488	3518
3489	3490
3489	3519
3490	3491
3490	3520
3491	3492
3491	3521
3492	3493
3492	3522
3493	3494
3493	3523
3494	3495
3494	3524
3495	3496
3495	3525
3496	3497
3496	3526
3497	3498
3497	3527
3498	3528
3499	3500
3499	3528
3499	3529
3500	3501
3500	3530
3501	3502
3501	3531
3502	3503
3502	3532
3503	3504
3503	3533
3504	3505
3504	3534
3505	3506
3505	3535
3506	3507
3506	3536
3507	3508
3507	3537
3508	3509
3508	3538
3509	3510
3509	3539
3510	3511
3510	3540
3511	3512
3511	3541
3512	3513
3512	3542
3513	3514
3513	3543
3514	3515
3514	3544
3515	3516
3515	3545
3516	3517
3516	3546
3517	3518
3517	3547
3518	3519
3518	3548
3519	3520
3519	3549
3520	3521
3520	3550
3521	3522
3521	3551
3522	3523
3522	3552
3523	3524
3523	3553
3524	3525
3524	3554
3525	3526
3525	3555
3526	3527
3526	3556
3527	3528
3527	3557
3528	3558
3529	3530
3529	3558
3529	3559
3530	3531
3530	3560
3531	3532
3531	3561
3532	3533
3532	3562
3533	3534
3533	3563
3534	3535
3534	3564
3535	3536
3535	3565
3536	3537
3536	3566
3537	3538
3537	3567
3538	3539
3538	3568
3539	3540
3539	3569
3540	3541
3540	3570
3541	3542
3541	3571
3542	3543
3542	3572
3543	3544
3543	3573
3544	3545
3544	3574
3545	3546
3545	3575
3546	3547
3546	3576
3547	3548
3547	3577
3548	3549
3548	3578
3549	3550
3549	3579
3550	3551
3550	3580
3551	3552
3551	3581
3552	3553
3552	3582
3553	3554
3553	3583
3554	3555
3554	3584
3555	3556
3555	3585
3556	3557
3556	3586
3557	3558
3557	3587
3558	3588
3559	3560
3559	3588
3559	3589
3560	3561
3560	3590
3561	3562
3561	3591
3562	3563
3562	3592
3563	3564
3563	3593
3564	3565
3564	3594
3565	3566
3565	3595
3566	3567
3566	3596
3567	3568
3567	3597
3568	3569
3568	3598
3569	3570
3569	3599
3570	3571
3570	3600
3571	3572
3571	3601
3572	3573
3572	3602
3573	3574
3573	3603
3574	3575
3574	3604
3575	3576
3575	3605
3576	3577
3576	3606
3577	3578
3577	3607
3578	3579
3578	3608
3579	3580
3579	3609
3580	3581
3580	3610
3581	3582
3581	3611
3582	3583
3582	3612
3583	3584
3583	3613
3584	3585
3584	3614
3585	3586
3585	3615
3586	3587
3586	3616
3587	3588
3587	3617
3588	3618
3589	3590
3589	3618
3589	3619
3590	3591
3590	3620
3591	3592
3591	3621
3592	3593
3592	3622
3593	3594
3593	3623
3594	3595
3594	3624
3595	3596
3595	3625
3596	3597
3596	3626
3597	3598
3597	3627
3598	3599
3598	3628
3599	3600
3599	3629
3600	3601
3600	3630
3601	3602
3601	3631
3602	3603
3602	3632
3603	3604
3603	3633
3604	3605
3604	3634
3605	3606
3605	3635
3606	3607
3606	3636
3607	3608
3607	3637
3608	3609
3608	3638
3609	3610
3609	3639
3610	3611
3610	3640
3611	3612
3611	3641
3612	3613
3612	3642
3613	3614
3613	3643
3614	3615
3614	3644
3615	3616
3615	3645
3616	3617
3616	3646
3617	3618
3617	3647
3618	3648
3619	3620
3619	3648
3619	3649
3620	3621
3620	3650
3621	3622
3621	3651
3622	3623
3622	3652
3623	3624
3623	3653
3624	3625
3624	3654
3625	3626
3625	3655
3626	3627
3626	3656
3627	3628
3627	3657
3628	3629
3628	3658
3629	3630
3629	3659
3630	3631
3630	3660
3631	3632
3631	3661
3632	3633
3632	3662
3633	3634
3633	3663
3634	3635
3634	3664
3635	3636
3635	3665
3636	3637
3636	3666
3637	3638
3637	3667
3638	3639
3638	3668
3639	3640
3639	3669
3640	3641
3640	3670
3641	3642
3641	3671
3642	3643
3642	3672
3643	3644
3643	3673
3644	3645
3644	3674
3645	3646
3645	3675
3646	3647
3646	3676
3647	3648
3647	3677
3648	3678
3649	3650
3649	3678
3649	3680
3650	3651
3650	3680
3651	3652
3651	3680
3652	3653
3652	3680
3653	3654
3653	3680
3654	3655
3654	3680
3655	3656
3655	3680
3656	3657
3656	3680
3657	3658
3657	3680
3658	3659
3658	3680
3659	3660
3659	3680
3660	3661
3660	3680
3661	3662
3661	3680
3662	3663
3662	3680
3663	3664
3663	3680
3664	3665
3664	3680
3665	3666
3665	3680
3666	3667
3666	3680
3667	3668
3667	3680
3668	3669
3668	3680
3669	3670
3669	3680
3670	3671
3670	3680
3671	3672
3671	3680
3672	3673
3672	3680
3673	3674
3673	3680
3674	3675
3674	3680
3675	3676
3675	3680
3676	3677
3676	3680
3677	3678
3677	3680
3678	3680
