80
0.000000 0.000000 1.600000 -1 0 0 0 0 1 
0.025641 0.000000 1.600000 -1 0 0 0 0 1 
0.051282 0.000000 1.600000 -1 0 0 0 0 1 
0.076923 0.000000 1.600000 -1 0 0 0 0 1 
0.102564 0.000000 1.600000 -1 0 0 0 0 1 
0.128205 0.000000 1.600000 -1 0 0 0 0 1 
0.153846 0.000000 1.600000 -1 0 0 0 0 1 
0.179487 0.000000 1.600000 -1 0 0 0 0 1 
0.205128 0.000000 1.600000 -1 0 0 0 0 1 
0.230769 0.000000 1.600000 -1 0 0 0 0 1 
0.256410 0.000000 1.600000 -1 0 0 0 0 1 
0.282051 0.000000 1.600000 -1 0 0 0 0 1 
0.307692 0.000000 1.600000 -1 0 0 0 0 1 
0.333333 0.000000 1.600000 -1 0 0 0 0 1 
0.358974 0.000000 1.600000 -1 0 0 0 0 1 
0.384615 0.000000 1.600000 -1 0 0 0 0 1 
0.410256 0.000000 1.600000 -1 0 0 0 0 1 
0.435897 0.000000 1.600000 -1 0 0 0 0 1 
0.461538 0.000000 1.600000 -1 0 0 0 0 1 
0.487179 0.000000 1.600000 -1 0 0 0 0 1 
0.512821 0.000000 1.600000 -1 0 0 0 0 1 
0.538462 0.000000 1.600000 -1 0 0 0 0 1 
0.564103 0.000000 1.600000 -1 0 0 0 0 1 
0.589744 0.000000 1.600000 -1 0 0 0 0 1 
0.615385 0.000000 1.600000 -1 0 0 0 0 1 
0.641026 0.000000 1.600000 -1 0 0 0 0 1 
0.666667 0.000000 1.600000 -1 0 0 0 0 1 
0.692308 0.000000 1.600000 -1 0 0 0 0 1 
0.717949 0.000000 1.600000 -1 0 0 0 0 1 
0.743590 0.000000 1.600000 -1 0 0 0 0 1 
0.769231 0.000000 1.600000 -1 0 0 0 0 1 
0.794872 0.000000 1.600000 -1 0 0 0 0 1 
0.820513 0.000000 1.600000 -1 0 0 0 0 1 
0.846154 0.000000 1.600000 -1 0 0 0 0 1 
0.871795 0.000000 1.600000 -1 0 0 0 0 1 
0.897436 0.000000 1.600000 -1 0 0 0 0 1 
0.923077 0.000000 1.600000 -1 0 0 0 0 1 
0.948718 0.000000 1.600000 -1 0 0 0 0 1 
0.974359 0.000000 1.600000 -1 0 0 0 0 1 
1.000000 0.000000 1.600000 -1 0 0 0 0 1 
1.000000 0.000000 1.600000 -1 0 0 0 0 1 
0.998378 0.080532 1.600000 -1 0 0 0 0 1 
0.993515 0.160933 1.600000 -1 0 0 0 0 1 
0.985418 0.241073 1.600000 -1 0 0 0 0 1 
0.974101 0.320823 1.600000 -1 0 0 0 0 1 
0.959581 0.400051 1.600000 -1 0 0 0 0 1 
0.941884 0.478631 1.600000 -1 0 0 0 0 1 
0.921036 0.556435 1.600000 -1 0 0 0 0 1 
0.897073 0.633336 1.600000 -1 0 0 0 0 1 
0.870032 0.709210 1.600000 -1 0 0 0 0 1 
0.839959 0.783933 1.600000 -1 0 0 0 0 1 
0.806901 0.857385 1.600000 -1 0 0 0 0 1 
0.770912 0.929446 1.600000 -1 0 0 0 0 1 
0.732051 1.000000 1.600000 -1 0 0 0 0 1 
0.690380 1.068932 1.600000 -1 0 0 0 0 1 
0.645968 1.136129 1.600000 -1 0 0 0 0 1 
0.598886 1.201485 1.600000 -1 0 0 0 0 1 
0.549210 1.264891 1.600000 -1 0 0 0 0 1 
0.497021 1.326245 1.600000 -1 0 0 0 0 1 
0.442405 1.385449 1.600000 -1 0 0 0 0 1 
0.385449 1.442405 1.600000 -1 0 0 0 0 1 
0.326245 1.497021 1.600000 -1 0 0 0 0 1 
0.264891 1.549210 1.600000 -1 0 0 0 0 1 
0.201485 1.598886 1.600000 -1 0 0 0 0 1 
0.136129 1.645968 1.600000 -1 0 0 0 0 1 
0.068932 1.690380 1.600000 -1 0 0 0 0 1 
-0.000000 1.732051 1.600000 -1 0 0 0 0 1 
-0.070554 1.770912 1.600000 -1 0 0 0 0 1 
-0.142615 1.806901 1.600000 -1 0 0 0 0 1 
-0.216067 1.839959 1.600000 -1 0 0 0 0 1 
-0.290790 1.870032 1.600000 -1 0 0 0 0 1 
-0.366664 1.897073 1.600000 -1 0 0 0 0 1 
-0.443565 1.921036 1.600000 -1 0 0 0 0 1 
-0.521369 1.941884 1.600000 -1 0 0 0 0 1 
-0.599949 1.959581 1.600000 -1 0 0 0 0 1 
-0.679177 1.974101 1.600000 -1 0 0 0 0 1 
-0.758927 1.985418 1.600000 -1 0 0 0 0 1 
-0.839067 1.993515 1.600000 -1 0 0 0 0 1 
-0.919468 1.998378 1.600000 -1 0 0 0 0 1 
-1.000000 2.000000 1.600000 -1 0 0 0 0 1 
