123
-1.000000e+00 1.900000e+00 2.000000e+00 -1.000000e+00 0.000000e+00 0.000000e+00 0.000000e+00 1.000000e+00 0.000000e+00 
-1.200000e+00 1.900000e+00 2.000000e+00 -1.000000e+00 0.000000e+00 0.000000e+00 0.000000e+00 1.000000e+00 0.000000e+00 
-1.400000e+00 1.900000e+00 2.000000e+00 -1.000000e+00 0.000000e+00 0.000000e+00 0.000000e+00 1.000000e+00 0.000000e+00 
-1.600000e+00 1.900000e+00 2.000000e+00 -1.000000e+00 0.000000e+00 0.000000e+00 0.000000e+00 1.000000e+00 0.000000e+00 
-1.800000e+00 1.900000e+00 2.000000e+00 -1.000000e+00 0.000000e+00 0.000000e+00 0.000000e+00 1.000000e+00 0.000000e+00 
-2.000000e+00 1.900000e+00 2.000000e+00 -1.000000e+00 0.000000e+00 0.000000e+00 0.000000e+00 1.000000e+00 0.000000e+00 
-2.200000e+00 1.900000e+00 2.000000e+00 -1.000000e+00 0.000000e+00 0.000000e+00 0.000000e+00 1.000000e+00 0.000000e+00 
-2.400000e+00 1.900000e+00 2.000000e+00 -1.000000e+00 0.000000e+00 0.000000e+00 0.000000e+00 1.000000e+00 0.000000e+00 
-2.600000e+00 1.900000e+00 2.000000e+00 -1.000000e+00 0.000000e+00 0.000000e+00 0.000000e+00 1.000000e+00 0.000000e+00 
-2.800000e+00 1.900000e+00 2.000000e+00 -1.000000e+00 0.000000e+00 0.000000e+00 0.000000e+00 1.000000e+00 0.000000e+00 
-3.000000e+00 1.900000e+00 2.000000e+00 -1.000000e+00 0.000000e+00 0.000000e+00 0.000000e+00 1.000000e+00 0.000000e+00 
-3.200000e+00 1.900000e+00 2.000000e+00 -9.935222e-01 0.000000e+00 -1.136382e-01 0.000000e+00 1.000000e+00 0.000000e+00 
-3.400000e+00 1.900000e+00 2.000000e+00 -9.684438e-01 0.000000e+00 -2.492319e-01 0.000000e+00 1.000000e+00 0.000000e+00 
-3.531034e+00 1.900000e+00 1.929006e+00 -9.149178e-01 0.000000e+00 -4.036402e-01 0.000000e+00 1.000000e+00 0.000000e+00 
-3.662069e+00 1.900000e+00 1.858012e+00 -8.245134e-01 0.000000e+00 -5.658425e-01 0.000000e+00 1.000000e+00 0.000000e+00 
-3.793103e+00 1.900000e+00 1.787018e+00 -6.967857e-01 0.000000e+00 -7.172794e-01 0.000000e+00 1.000000e+00 0.000000e+00 
-3.862069e+00 1.900000e+00 1.652130e+00 -5.435827e-01 0.000000e+00 -8.393556e-01 0.000000e+00 1.000000e+00 0.000000e+00 
-3.931034e+00 1.900000e+00 1.517241e+00 -3.843478e-01 0.000000e+00 -9.231884e-01 0.000000e+00 1.000000e+00 0.000000e+00 
-4.000000e+00 1.900000e+00 1.382353e+00 -2.359973e-01 0.000000e+00 -9.717537e-01 0.000000e+00 1.000000e+00 0.000000e+00 
-4.000000e+00 1.900000e+00 1.176471e+00 -1.073132e-01 0.000000e+00 -9.942253e-01 0.000000e+00 1.000000e+00 0.000000e+00 
-4.000000e+00 1.900000e+00 9.705882e-01 0.000000e+00 0.000000e+00 -1.000000e+00 0.000000e+00 1.000000e+00 0.000000e+00 
-4.000000e+00 1.900000e+00 7.647059e-01 0.000000e+00 0.000000e+00 -1.000000e+00 0.000000e+00 1.000000e+00 0.000000e+00 
-4.000000e+00 1.900000e+00 5.588235e-01 0.000000e+00 0.000000e+00 -1.000000e+00 0.000000e+00 1.000000e+00 0.000000e+00 
-4.000000e+00 1.900000e+00 3.529412e-01 0.000000e+00 0.000000e+00 -1.000000e+00 0.000000e+00 1.000000e+00 0.000000e+00 
-4.000000e+00 1.900000e+00 1.470588e-01 0.000000e+00 0.000000e+00 -1.000000e+00 0.000000e+00 1.000000e+00 0.000000e+00 
-4.000000e+00 1.900000e+00 -5.882353e-02 0.000000e+00 0.000000e+00 -1.000000e+00 0.000000e+00 1.000000e+00 0.000000e+00 
-4.000000e+00 1.900000e+00 -2.647059e-01 0.000000e+00 0.000000e+00 -1.000000e+00 0.000000e+00 1.000000e+00 0.000000e+00 
-4.000000e+00 1.900000e+00 -4.705882e-01 0.000000e+00 0.000000e+00 -1.000000e+00 0.000000e+00 1.000000e+00 0.000000e+00 
-4.000000e+00 1.900000e+00 -6.764706e-01 1.073132e-01 0.000000e+00 -9.942253e-01 0.000000e+00 1.000000e+00 0.000000e+00 
-4.000000e+00 1.900000e+00 -8.823529e-01 2.359973e-01 0.000000e+00 -9.717537e-01 0.000000e+00 1.000000e+00 0.000000e+00 
-3.931034e+00 1.900000e+00 -1.017241e+00 3.843478e-01 0.000000e+00 -9.231884e-01 0.000000e+00 1.000000e+00 0.000000e+00 
-3.862069e+00 1.900000e+00 -1.152130e+00 5.435827e-01 0.000000e+00 -8.393556e-01 0.000000e+00 1.000000e+00 0.000000e+00 
-3.793103e+00 1.900000e+00 -1.287018e+00 6.967857e-01 0.000000e+00 -7.172794e-01 0.000000e+00 1.000000e+00 0.000000e+00 
-3.662069e+00 1.900000e+00 -1.358012e+00 8.245134e-01 0.000000e+00 -5.658425e-01 0.000000e+00 1.000000e+00 0.000000e+00 
-3.531034e+00 1.900000e+00 -1.429006e+00 9.149178e-01 0.000000e+00 -4.036402e-01 0.000000e+00 1.000000e+00 0.000000e+00 
-3.400000e+00 1.900000e+00 -1.500000e+00 9.684438e-01 0.000000e+00 -2.492319e-01 0.000000e+00 1.000000e+00 0.000000e+00 
-3.200000e+00 1.900000e+00 -1.500000e+00 9.935222e-01 0.000000e+00 -1.136382e-01 0.000000e+00 1.000000e+00 0.000000e+00 
-3.000000e+00 1.900000e+00 -1.500000e+00 1.000000e+00 0.000000e+00 0.000000e+00 0.000000e+00 1.000000e+00 0.000000e+00 
-2.800000e+00 1.900000e+00 -1.500000e+00 1.000000e+00 0.000000e+00 0.000000e+00 0.000000e+00 1.000000e+00 0.000000e+00 
-2.600000e+00 1.900000e+00 -1.500000e+00 1.000000e+00 0.000000e+00 0.000000e+00 0.000000e+00 1.000000e+00 0.000000e+00 
-2.400000e+00 1.900000e+00 -1.500000e+00 1.000000e+00 0.000000e+00 0.000000e+00 0.000000e+00 1.000000e+00 0.000000e+00 
-2.200000e+00 1.900000e+00 -1.500000e+00 1.000000e+00 0.000000e+00 0.000000e+00 0.000000e+00 1.000000e+00 0.000000e+00 
-2.000000e+00 1.900000e+00 -1.500000e+00 1.000000e+00 0.000000e+00 0.000000e+00 0.000000e+00 1.000000e+00 0.000000e+00 
-1.800000e+00 1.900000e+00 -1.500000e+00 1.000000e+00 0.000000e+00 0.000000e+00 0.000000e+00 1.000000e+00 0.000000e+00 
-1.600000e+00 1.900000e+00 -1.500000e+00 1.000000e+00 0.000000e+00 0.000000e+00 0.000000e+00 1.000000e+00 0.000000e+00 
-1.400000e+00 1.900000e+00 -1.500000e+00 1.000000e+00 0.000000e+00 0.000000e+00 0.000000e+00 1.000000e+00 0.000000e+00 
-1.200000e+00 1.900000e+00 -1.500000e+00 1.000000e+00 0.000000e+00 0.000000e+00 0.000000e+00 1.000000e+00 0.000000e+00 
-1.000000e+00 1.900000e+00 -1.500000e+00 1.000000e+00 0.000000e+00 0.000000e+00 0.000000e+00 1.000000e+00 0.000000e+00 
-8.000000e-01 1.900000e+00 -1.500000e+00 1.000000e+00 0.000000e+00 0.000000e+00 0.000000e+00 1.000000e+00 0.000000e+00 
-6.000000e-01 1.900000e+00 -1.500000e+00 1.000000e+00 0.000000e+00 0.000000e+00 0.000000e+00 1.000000e+00 0.000000e+00 
-4.000000e-01 1.900000e+00 -1.500000e+00 1.000000e+00 0.000000e+00 0.000000e+00 0.000000e+00 1.000000e+00 0.000000e+00 
-2.000000e-01 1.900000e+00 -1.500000e+00 1.000000e+00 0.000000e+00 0.000000e+00 0.000000e+00 1.000000e+00 0.000000e+00 
-1.531342e-16 1.900000e+00 -1.500000e+00 1.000000e+00 0.000000e+00 0.000000e+00 0.000000e+00 1.000000e+00 0.000000e+00 
2.000000e-01 1.900000e+00 -1.500000e+00 1.000000e+00 0.000000e+00 0.000000e+00 0.000000e+00 1.000000e+00 0.000000e+00 
4.000000e-01 1.900000e+00 -1.500000e+00 1.000000e+00 0.000000e+00 0.000000e+00 0.000000e+00 1.000000e+00 0.000000e+00 
6.000000e-01 1.900000e+00 -1.500000e+00 1.000000e+00 0.000000e+00 0.000000e+00 0.000000e+00 1.000000e+00 0.000000e+00 
8.000000e-01 1.900000e+00 -1.500000e+00 1.000000e+00 0.000000e+00 0.000000e+00 0.000000e+00 1.000000e+00 0.000000e+00 
1.000000e+00 1.900000e+00 -1.500000e+00 1.000000e+00 0.000000e+00 0.000000e+00 0.000000e+00 1.000000e+00 0.000000e+00 
1.200000e+00 1.900000e+00 -1.500000e+00 1.000000e+00 0.000000e+00 0.000000e+00 0.000000e+00 1.000000e+00 0.000000e+00 
1.400000e+00 1.900000e+00 -1.500000e+00 1.000000e+00 0.000000e+00 0.000000e+00 0.000000e+00 1.000000e+00 0.000000e+00 
1.600000e+00 1.900000e+00 -1.500000e+00 1.000000e+00 0.000000e+00 0.000000e+00 0.000000e+00 1.000000e+00 0.000000e+00 
1.800000e+00 1.900000e+00 -1.500000e+00 1.000000e+00 0.000000e+00 0.000000e+00 0.000000e+00 1.000000e+00 0.000000e+00 
2.000000e+00 1.900000e+00 -1.500000e+00 1.000000e+00 0.000000e+00 0.000000e+00 0.000000e+00 1.000000e+00 0.000000e+00 
2.200000e+00 1.900000e+00 -1.500000e+00 9.936867e-01 0.000000e+00 -1.121904e-01 0.000000e+00 1.000000e+00 0.000000e+00 
2.400000e+00 1.900000e+00 -1.500000e+00 9.701425e-01 0.000000e+00 -2.425356e-01 0.000000e+00 1.000000e+00 0.000000e+00 
2.539148e+00 1.900000e+00 -1.570994e+00 9.219821e-01 0.000000e+00 -3.872325e-01 0.000000e+00 1.000000e+00 0.000000e+00 
2.678296e+00 1.900000e+00 -1.641988e+00 8.436615e-01 0.000000e+00 -5.368755e-01 0.000000e+00 1.000000e+00 0.000000e+00 
2.817444e+00 1.900000e+00 -1.712982e+00 7.355451e-01 0.000000e+00 -6.774758e-01 0.000000e+00 1.000000e+00 0.000000e+00 
2.901826e+00 1.900000e+00 -1.847870e+00 6.060432e-01 0.000000e+00 -7.954317e-01 0.000000e+00 1.000000e+00 0.000000e+00 
2.986207e+00 1.900000e+00 -1.982759e+00 4.687158e-01 0.000000e+00 -8.833490e-01 0.000000e+00 1.000000e+00 0.000000e+00 
3.070588e+00 1.900000e+00 -2.117647e+00 3.363364e-01 0.000000e+00 -9.417419e-01 0.000000e+00 1.000000e+00 0.000000e+00 
3.094118e+00 1.900000e+00 -2.323529e+00 2.169305e-01 0.000000e+00 -9.761871e-01 0.000000e+00 1.000000e+00 0.000000e+00 
3.117647e+00 1.900000e+00 -2.529412e+00 1.135466e-01 0.000000e+00 -9.935327e-01 0.000000e+00 1.000000e+00 0.000000e+00 
3.141176e+00 1.900000e+00 -2.735294e+00 1.135466e-01 0.000000e+00 -9.935327e-01 0.000000e+00 1.000000e+00 0.000000e+00 
3.164706e+00 1.900000e+00 -2.941176e+00 1.135466e-01 0.000000e+00 -9.935327e-01 0.000000e+00 1.000000e+00 0.000000e+00 
3.188235e+00 1.900000e+00 -3.147059e+00 1.135466e-01 0.000000e+00 -9.935327e-01 0.000000e+00 1.000000e+00 0.000000e+00 
3.211765e+00 1.900000e+00 -3.352941e+00 1.135466e-01 0.000000e+00 -9.935327e-01 0.000000e+00 1.000000e+00 0.000000e+00 
3.235294e+00 1.900000e+00 -3.558824e+00 1.135466e-01 0.000000e+00 -9.935327e-01 0.000000e+00 1.000000e+00 0.000000e+00 
3.258824e+00 1.900000e+00 -3.764706e+00 1.135466e-01 0.000000e+00 -9.935327e-01 0.000000e+00 1.000000e+00 0.000000e+00 
3.282353e+00 1.900000e+00 -3.970588e+00 1.135466e-01 0.000000e+00 -9.935327e-01 0.000000e+00 1.000000e+00 0.000000e+00 
3.305882e+00 1.900000e+00 -4.176471e+00 1.623931e-01 0.000000e+00 -9.867261e-01 0.000000e+00 1.000000e+00 0.000000e+00 
3.329412e+00 1.900000e+00 -4.382353e+00 2.394229e-01 0.000000e+00 -9.709154e-01 0.000000e+00 1.000000e+00 0.000000e+00 
3.366048e+00 1.900000e+00 -4.450928e+00 3.747359e-01 0.000000e+00 -9.271316e-01 0.000000e+00 1.000000e+00 0.000000e+00 
3.402684e+00 1.900000e+00 -4.519504e+00 6.391556e-01 0.000000e+00 -7.690774e-01 0.000000e+00 1.000000e+00 0.000000e+00 
3.439320e+00 1.900000e+00 -4.588079e+00 9.875061e-01 0.000000e+00 -1.575808e-01 0.000000e+00 1.000000e+00 0.000000e+00 
3.487752e+00 1.900000e+00 -4.533078e+00 8.142704e-01 0.000000e+00 5.804857e-01 0.000000e+00 1.000000e+00 0.000000e+00 
3.536183e+00 1.900000e+00 -4.478078e+00 5.669196e-01 0.000000e+00 8.237731e-01 0.000000e+00 1.000000e+00 0.000000e+00 
3.584615e+00 1.900000e+00 -4.423077e+00 4.317887e-01 0.000000e+00 9.019748e-01 0.000000e+00 1.000000e+00 0.000000e+00 
3.646154e+00 1.900000e+00 -4.230769e+00 3.541020e-01 0.000000e+00 9.352068e-01 0.000000e+00 1.000000e+00 0.000000e+00 
3.707692e+00 1.900000e+00 -4.038462e+00 3.047757e-01 0.000000e+00 9.524241e-01 0.000000e+00 1.000000e+00 0.000000e+00 
3.769231e+00 1.900000e+00 -3.846154e+00 3.047757e-01 0.000000e+00 9.524241e-01 0.000000e+00 1.000000e+00 0.000000e+00 
3.830769e+00 1.900000e+00 -3.653846e+00 3.047757e-01 0.000000e+00 9.524241e-01 0.000000e+00 1.000000e+00 0.000000e+00 
3.892308e+00 1.900000e+00 -3.461538e+00 3.047757e-01 0.000000e+00 9.524241e-01 0.000000e+00 1.000000e+00 0.000000e+00 
3.953846e+00 1.900000e+00 -3.269231e+00 3.047757e-01 0.000000e+00 9.524241e-01 0.000000e+00 1.000000e+00 0.000000e+00 
4.015385e+00 1.900000e+00 -3.076923e+00 3.047757e-01 0.000000e+00 9.524241e-01 0.000000e+00 1.000000e+00 0.000000e+00 
4.076923e+00 1.900000e+00 -2.884615e+00 3.047757e-01 0.000000e+00 9.524241e-01 0.000000e+00 1.000000e+00 0.000000e+00 
4.138462e+00 1.900000e+00 -2.692308e+00 3.047757e-01 0.000000e+00 9.524241e-01 0.000000e+00 1.000000e+00 0.000000e+00 
4.200000e+00 1.900000e+00 -2.500000e+00 3.047757e-01 0.000000e+00 9.524241e-01 0.000000e+00 1.000000e+00 0.000000e+00 
4.261538e+00 1.900000e+00 -2.307692e+00 3.047757e-01 0.000000e+00 9.524241e-01 0.000000e+00 1.000000e+00 0.000000e+00 
4.323077e+00 1.900000e+00 -2.115385e+00 3.047757e-01 0.000000e+00 9.524241e-01 0.000000e+00 1.000000e+00 0.000000e+00 
4.384615e+00 1.900000e+00 -1.923077e+00 3.047757e-01 0.000000e+00 9.524241e-01 0.000000e+00 1.000000e+00 0.000000e+00 
4.446154e+00 1.900000e+00 -1.730769e+00 3.047757e-01 0.000000e+00 9.524241e-01 0.000000e+00 1.000000e+00 0.000000e+00 
4.507692e+00 1.900000e+00 -1.538462e+00 3.047757e-01 0.000000e+00 9.524241e-01 0.000000e+00 1.000000e+00 0.000000e+00 
4.569231e+00 1.900000e+00 -1.346154e+00 3.047757e-01 0.000000e+00 9.524241e-01 0.000000e+00 1.000000e+00 0.000000e+00 
4.630769e+00 1.900000e+00 -1.153846e+00 3.047757e-01 0.000000e+00 9.524241e-01 0.000000e+00 1.000000e+00 0.000000e+00 
4.692308e+00 1.900000e+00 -9.615385e-01 3.047757e-01 0.000000e+00 9.524241e-01 0.000000e+00 1.000000e+00 0.000000e+00 
4.753846e+00 1.900000e+00 -7.692308e-01 2.272296e-01 0.000000e+00 9.738412e-01 0.000000e+00 1.000000e+00 0.000000e+00 
4.815385e+00 1.900000e+00 -5.769231e-01 1.428132e-01 0.000000e+00 9.897497e-01 0.000000e+00 1.000000e+00 0.000000e+00 
4.817389e+00 1.900000e+00 -3.934571e-01 5.270442e-02 0.000000e+00 9.986102e-01 0.000000e+00 1.000000e+00 0.000000e+00 
4.819393e+00 1.900000e+00 -2.099912e-01 -4.127934e-02 0.000000e+00 9.991476e-01 0.000000e+00 1.000000e+00 0.000000e+00 
4.821397e+00 1.900000e+00 -2.652520e-02 -1.367970e-01 0.000000e+00 9.905991e-01 0.000000e+00 1.000000e+00 0.000000e+00 
4.769820e+00 1.900000e+00 1.489832e-01 -2.312393e-01 0.000000e+00 9.728969e-01 0.000000e+00 1.000000e+00 0.000000e+00 
4.718243e+00 1.900000e+00 3.244916e-01 -3.220691e-01 0.000000e+00 9.467162e-01 0.000000e+00 1.000000e+00 0.000000e+00 
4.666667e+00 1.900000e+00 5.000000e-01 -4.071501e-01 0.000000e+00 9.133613e-01 0.000000e+00 1.000000e+00 0.000000e+00 
4.555556e+00 1.900000e+00 6.666667e-01 -4.849678e-01 0.000000e+00 8.745320e-01 0.000000e+00 1.000000e+00 0.000000e+00 
4.444444e+00 1.900000e+00 8.333333e-01 -5.547002e-01 0.000000e+00 8.320503e-01 0.000000e+00 1.000000e+00 0.000000e+00 
4.333333e+00 1.900000e+00 1.000000e+00 -5.547002e-01 0.000000e+00 8.320503e-01 0.000000e+00 1.000000e+00 0.000000e+00 
4.222222e+00 1.900000e+00 1.166667e+00 -5.547002e-01 0.000000e+00 8.320503e-01 0.000000e+00 1.000000e+00 0.000000e+00 
4.111111e+00 1.900000e+00 1.333333e+00 -5.547002e-01 0.000000e+00 8.320503e-01 0.000000e+00 1.000000e+00 0.000000e+00 
4.000000e+00 1.900000e+00 1.500000e+00 -5.547002e-01 0.000000e+00 8.320503e-01 0.000000e+00 1.000000e+00 0.000000e+00 
3.888889e+00 1.900000e+00 1.666667e+00 -5.547002e-01 0.000000e+00 8.320503e-01 0.000000e+00 1.000000e+00 0.000000e+00 
3.777778e+00 1.900000e+00 1.833333e+00 -5.547002e-01 0.000000e+00 8.320503e-01 0.000000e+00 1.000000e+00 0.000000e+00 
3.666667e+00 1.900000e+00 2.000000e+00 -5.547002e-01 0.000000e+00 8.320503e-01 0.000000e+00 1.000000e+00 0.000000e+00 
