
v -0.267898 1.370678 1.277584
v -0.291355 1.245417 1.249064
v -0.324023 1.003414 -0.011613
v -0.290157 0.870928 0.137947
v -0.188996 0.857754 0.152819
v -0.202226 1.231423 1.344830
v -0.177430 1.376697 1.356888
v -0.193527 1.016495 -0.026381
v -0.305097 1.366536 0.480192
v -0.179045 1.400763 0.469590
v -0.180557 1.225793 0.569878
v -0.276989 1.238245 0.563062
v -0.311100 1.268334 0.297483
v -0.183537 1.298258 0.283595
v -0.183462 1.135608 0.411343
v -0.281302 1.146188 0.402729
v -0.377592 0.909415 0.094500
v -0.377592 0.951841 0.046607
v -0.363878 1.228611 0.332761
v -0.363953 1.180548 0.373691
v -0.359130 1.328617 0.505759
v -0.358877 1.275776 0.539879
v -0.316335 1.339698 1.272894
v -0.315172 1.286887 1.266640
v -0.224700 1.326151 1.374114
v -0.223989 1.275604 1.369361
v 0.000000 1.003414 -0.011613
v 0.000000 1.300486 0.291288
v 0.000000 1.403606 0.475515
v 0.000000 1.353990 1.424689
v 0.000000 1.318367 1.472169
v 0.000000 1.266829 1.470806
v 0.000000 1.229999 1.423509
v 0.000000 1.228595 0.567897
v 0.000000 1.137982 0.409301
v 0.000000 0.857842 0.152720
v 0.000000 1.219062 1.234514
v -0.196988 1.220837 1.178873
v -0.295529 1.250200 1.126434
v -0.372396 1.309281 1.108708
v -0.373818 1.365984 1.115285
v -0.305560 1.426338 1.129634
v -0.179481 1.453041 1.181593
v 0.000000 1.421539 1.231814
v 0.000000 1.252415 1.044460
v 0.000000 1.266574 0.945133
v -0.189409 1.264098 0.925809
v -0.194123 1.251390 1.015418
v -0.286600 1.284777 0.900105
v -0.291815 1.275088 0.981106
v -0.374745 1.332930 0.951515
v -0.367593 1.337487 0.874506
v -0.368380 1.399312 0.873183
v -0.375642 1.394382 0.955154
v -0.298973 1.448938 0.879058
v -0.304390 1.449415 0.968046
v -0.176956 1.476059 0.994781
v -0.174952 1.476692 0.892835
v 0.000000 1.457013 0.905413
v 0.000000 1.451343 1.018128
v -0.040610 1.003414 -0.011613
v -0.040829 1.301950 0.291377
v -0.040905 1.406913 0.475450
v -0.042534 1.468045 0.904726
v -0.039920 1.462710 1.016823
v -0.040559 1.434626 1.229511
v -0.080325 1.369139 1.410516
v -0.107875 1.318434 1.444836
v -0.107450 1.269111 1.441958
v -0.094497 1.232712 1.407598
v -0.087862 1.216968 1.227348
v -0.087363 1.249083 1.040981
v -0.084262 1.263400 0.943306
v -0.079405 1.227524 0.568123
v -0.080864 1.137754 0.409290
v -0.081221 0.857842 0.152720
v 0.000000 1.267000 0.725757
v -0.077146 1.264860 0.726220
v -0.178192 1.264579 0.726970
v -0.273938 1.281031 0.722124
v -0.356998 1.325535 0.706937
v -0.357679 1.384584 0.685794
v -0.297131 1.428421 0.670586
v -0.173886 1.462025 0.663578
v -0.040963 1.462274 0.665701
v 0.000000 1.454556 0.665873
v 0.000000 1.162411 0.132457
v -0.040751 1.163121 0.132503
v -0.188335 1.165505 0.120084
v -0.317264 1.142514 0.134405
v -0.370805 1.098581 0.182392
v -0.370930 1.055713 0.229533
v -0.286204 1.022210 0.266435
v -0.186594 1.011796 0.278003
v -0.081605 1.013363 0.276334
v 0.000000 1.013173 0.276454
v 0.000000 1.252895 0.652624
v -0.078570 1.251196 0.652989
v -0.179603 1.250084 0.654190
v -0.275621 1.264619 0.648436
v -0.357695 1.306009 0.629615
v -0.358159 1.362407 0.602467
v -0.302438 1.401830 0.583076
v -0.177165 1.436311 0.574210
v -0.040954 1.440586 0.577644
v 0.000000 1.435877 0.577699
v 0.000000 1.357526 0.379867
v -0.040865 1.359766 0.379905
v -0.181207 1.354271 0.373536
v -0.308026 1.321744 0.386130
v -0.361103 1.283326 0.416090
v -0.361044 1.232850 0.453674
v -0.278965 1.197331 0.479545
v -0.181905 1.186101 0.487137
v -0.080198 1.188188 0.485171
v 0.000000 1.188768 0.485063
v 0.000000 1.235733 0.207665
v -0.040795 1.236731 0.207777
v -0.185876 1.235768 0.198168
v -0.314115 1.209040 0.212705
v -0.367180 1.167331 0.253888
v -0.367341 1.121780 0.298019
v -0.283821 1.088109 0.330575
v -0.185100 1.077817 0.340384
v -0.081396 1.079802 0.338354
v 0.000000 1.079755 0.338471
v 0.000000 1.084349 0.058677
v -0.040686 1.084698 0.058700
v -0.190895 1.092368 0.045315
v -0.320587 1.074234 0.060043
v -0.374222 1.026471 0.112990
v -0.374323 0.983825 0.160505
v -0.288303 0.947960 0.200412
v -0.187888 0.936255 0.213449
v -0.081519 0.937149 0.212451
v 0.000000 0.937019 0.212555
v 0.000000 1.270069 0.834498
v -0.079647 1.267260 0.834046
v -0.182503 1.267379 0.827387
v -0.279195 1.285796 0.814507
v -0.362110 1.334431 0.796243
v -0.362879 1.395498 0.784793
v -0.297160 1.443223 0.779225
v -0.173529 1.474538 0.781117
v -0.041348 1.470026 0.786701
v 0.000000 1.460128 0.787077
v 0.000000 1.233503 1.137980
v -0.089144 1.230593 1.132771
v -0.195746 1.234730 1.100883
v -0.292317 1.259964 1.059682
v -0.377589 1.321697 1.026996
v -0.378728 1.382291 1.032936
v -0.308475 1.443781 1.050695
v -0.179262 1.469600 1.090475
v -0.037870 1.451647 1.124549
v 0.000000 1.440603 1.127019
v 0.000000 1.393305 1.332104
v -0.054175 1.409421 1.328803
v -0.167821 1.420962 1.282060
v -0.291334 1.400645 1.203926
v -0.354150 1.350739 1.197636
v -0.352678 1.297585 1.191230
v -0.299407 1.244837 1.187813
v -0.194474 1.215076 1.270093
v -0.087212 1.214421 1.323166
v 0.000000 1.214718 1.332838
v 0.267898 1.370678 1.277584
v 0.291355 1.245417 1.249064
v 0.324023 1.003414 -0.011613
v 0.290157 0.870928 0.137947
v 0.188996 0.857754 0.152819
v 0.202226 1.231423 1.344830
v 0.177430 1.376697 1.356888
v 0.193527 1.016495 -0.026381
v 0.305097 1.366536 0.480192
v 0.179045 1.400763 0.469590
v 0.180557 1.225793 0.569878
v 0.276989 1.238245 0.563062
v 0.311100 1.268334 0.297483
v 0.183537 1.298258 0.283595
v 0.183462 1.135608 0.411343
v 0.281302 1.146188 0.402729
v 0.377592 0.909415 0.094500
v 0.377592 0.951841 0.046607
v 0.363878 1.228611 0.332761
v 0.363953 1.180548 0.373691
v 0.359130 1.328617 0.505759
v 0.358877 1.275776 0.539879
v 0.316335 1.339698 1.272894
v 0.315172 1.286887 1.266640
v 0.224700 1.326151 1.374114
v 0.223989 1.275604 1.369361
v 0.196988 1.220837 1.178873
v 0.295529 1.250200 1.126434
v 0.372396 1.309281 1.108708
v 0.373818 1.365984 1.115285
v 0.305560 1.426338 1.129634
v 0.179481 1.453041 1.181593
v 0.189409 1.264098 0.925809
v 0.194123 1.251390 1.015418
v 0.286600 1.284777 0.900105
v 0.291815 1.275088 0.981106
v 0.374745 1.332930 0.951515
v 0.367593 1.337487 0.874506
v 0.368380 1.399312 0.873183
v 0.375642 1.394382 0.955154
v 0.298973 1.448938 0.879058
v 0.304390 1.449415 0.968046
v 0.176956 1.476059 0.994781
v 0.174952 1.476692 0.892835
v 0.040610 1.003414 -0.011613
v 0.040829 1.301950 0.291377
v 0.040905 1.406913 0.475450
v 0.042534 1.468045 0.904726
v 0.039920 1.462710 1.016823
v 0.040559 1.434626 1.229511
v 0.080325 1.369139 1.410516
v 0.107875 1.318434 1.444836
v 0.107450 1.269111 1.441958
v 0.094497 1.232712 1.407598
v 0.087862 1.216968 1.227348
v 0.087363 1.249083 1.040981
v 0.084262 1.263400 0.943306
v 0.079405 1.227524 0.568123
v 0.080864 1.137754 0.409290
v 0.081221 0.857842 0.152720
v 0.077146 1.264860 0.726220
v 0.178192 1.264579 0.726970
v 0.273938 1.281031 0.722124
v 0.356998 1.325535 0.706937
v 0.357679 1.384584 0.685794
v 0.297131 1.428421 0.670586
v 0.173886 1.462025 0.663578
v 0.040963 1.462274 0.665701
v 0.040751 1.163121 0.132503
v 0.188335 1.165505 0.120084
v 0.317264 1.142514 0.134405
v 0.370805 1.098581 0.182392
v 0.370930 1.055713 0.229533
v 0.286204 1.022210 0.266435
v 0.186594 1.011796 0.278003
v 0.081605 1.013363 0.276334
v 0.078570 1.251196 0.652989
v 0.179603 1.250084 0.654190
v 0.275621 1.264619 0.648436
v 0.357695 1.306009 0.629615
v 0.358159 1.362407 0.602467
v 0.302438 1.401830 0.583076
v 0.177165 1.436311 0.574210
v 0.040954 1.440586 0.577644
v 0.040865 1.359766 0.379905
v 0.181207 1.354271 0.373536
v 0.308026 1.321744 0.386130
v 0.361103 1.283326 0.416090
v 0.361044 1.232850 0.453674
v 0.278965 1.197331 0.479545
v 0.181905 1.186101 0.487137
v 0.080198 1.188188 0.485171
v 0.040795 1.236731 0.207777
v 0.185876 1.235768 0.198168
v 0.314115 1.209040 0.212705
v 0.367180 1.167331 0.253888
v 0.367341 1.121780 0.298019
v 0.283821 1.088109 0.330575
v 0.185100 1.077817 0.340384
v 0.081396 1.079802 0.338354
v 0.040686 1.084698 0.058700
v 0.190895 1.092368 0.045315
v 0.320587 1.074234 0.060043
v 0.374222 1.026471 0.112990
v 0.374323 0.983825 0.160505
v 0.288303 0.947960 0.200412
v 0.187888 0.936255 0.213449
v 0.081519 0.937149 0.212451
v 0.079647 1.267260 0.834046
v 0.182503 1.267379 0.827387
v 0.279195 1.285796 0.814507
v 0.362110 1.334431 0.796243
v 0.362879 1.395498 0.784793
v 0.297160 1.443223 0.779225
v 0.173529 1.474538 0.781117
v 0.041348 1.470026 0.786701
v 0.089144 1.230593 1.132771
v 0.195746 1.234730 1.100883
v 0.292317 1.259964 1.059682
v 0.377589 1.321697 1.026996
v 0.378728 1.382291 1.032936
v 0.308475 1.443781 1.050695
v 0.179262 1.469600 1.090475
v 0.037870 1.451647 1.124549
v 0.054175 1.409421 1.328803
v 0.167821 1.420962 1.282060
v 0.291334 1.400645 1.203926
v 0.354150 1.350739 1.197636
v 0.352678 1.297585 1.191230
v 0.299407 1.244837 1.187813
v 0.194474 1.215076 1.270093
v 0.087212 1.214421 1.323166
vt 0.625000 0.000000
vt 0.875000 0.000000
vt 0.125000 0.000000
vt 0.125000 0.071224
vt 0.875000 0.071224
vt 0.625000 0.062506
vt 0.750000 0.000000
vt 0.187500 0.000000
vt 0.187500 0.069045
vt 0.812500 0.069045
vt 0.812500 0.000000
vt 0.375000 0.750000
vt 0.375000 0.812500
vt 0.546342 0.812500
vt 0.536430 0.750000
vt 0.625000 0.750000
vt 0.625000 0.812500
vt 0.437506 1.000000
vt 0.375000 1.000000
vt 0.560378 0.875000
vt 0.375000 0.000000
vt 0.562494 1.000000
vt 0.625000 1.000000
vt 0.375000 0.062506
vt 0.536433 0.062506
vt 0.562494 0.000000
vt 0.463570 0.750000
vt 0.500000 0.750000
vt 0.500000 0.812500
vt 0.453658 0.812500
vt 0.500000 1.000000
vt 0.437506 0.000000
vt 0.500000 0.000000
vt 0.500000 0.062506
vt 0.463567 0.062506
vt 0.125000 0.098112
vt 0.187500 0.097022
vt 0.250000 0.095933
vt 0.375000 0.093753
vt 0.463567 0.093753
vt 0.536433 0.093753
vt 0.500000 0.093753
vt 0.625000 0.093753
vt 0.812500 0.097022
vt 0.875000 0.098112
vt 0.656250 0.094298
vt 0.625000 0.968750
vt 0.343750 0.000000
vt 0.750000 0.066865
vt 0.750000 0.095933
vt 0.712497 0.000000
vt 0.677853 0.064349
vt 0.679057 0.094696
vt 0.656250 0.063596
vt 0.561015 0.912636
vt 0.625000 0.875000
vt 0.656250 0.000000
vt 0.675205 0.000000
vt 0.439621 0.875000
vt 0.500000 0.875000
vt 0.561965 0.968750
vt 0.561634 0.949167
vt 0.625000 0.949795
vt 0.375000 0.875000
vt 0.375000 0.913412
vt 0.438365 0.949227
vt 0.500000 0.949167
vt 0.500000 0.968750
vt 0.438035 0.968750
vt 0.250000 0.000000
vt 0.375000 0.949235
vt 0.375000 0.968750
vt 0.293589 0.095173
vt 0.250000 0.066865
vt 0.321973 0.064355
vt 0.324235 0.000000
vt 0.343750 0.063596
vt 0.343750 0.094298
vt 0.321617 0.094684
vt 0.705092 0.095150
vt 0.687500 0.094843
vt 0.687500 0.064686
vt 0.707749 0.065392
vt 0.687500 0.064333
vt 0.687500 0.014594
vt 0.625000 0.912503
vt 0.621663 0.937500
vt 0.576985 0.937500
vt 0.500000 0.912636
vt 0.500000 0.937500
vt 0.451160 0.937500
vt 0.438977 0.913068
vt 0.438564 0.937500
vt 0.382017 0.937500
vt 0.288412 -0.000000
vt 0.312500 0.000000
vt 0.312500 0.063330
vt 0.292593 0.065380
vt 0.312500 0.064686
vt 0.312500 0.094728
vt 0.125000 0.084668
vt 0.187500 0.083034
vt 0.250000 0.081399
vt 0.293091 0.080276
vt 0.321795 0.079520
vt 0.312500 0.079707
vt 0.343750 0.078947
vt 0.375000 0.078130
vt 0.463567 0.078130
vt 0.536433 0.078130
vt 0.500000 0.078130
vt 0.625000 0.078130
vt 0.656250 0.078947
vt 0.678455 0.079523
vt 0.687500 0.079764
vt 0.706420 0.080271
vt 0.750000 0.081399
vt 0.812500 0.083034
vt 0.875000 0.084668
vt 0.727546 0.095541
vt 0.728210 0.080835
vt 0.728874 0.066129
vt 0.625000 0.893751
vt 0.731249 0.000000
vt 0.560697 0.893818
vt 0.500000 0.893818
vt 0.439299 0.894034
vt 0.269206 -0.000000
vt 0.375000 0.894206
vt 0.271297 0.066123
vt 0.271546 0.080838
vt 0.271794 0.095553
vt 0.156250 0.097567
vt 0.156250 0.083851
vt 0.156250 0.070135
vt 0.156250 0.000000
vt 0.375000 0.781250
vt 0.458614 0.781250
vt 0.541386 0.781250
vt 0.500000 0.781250
vt 0.625000 0.781250
vt 0.843750 0.000000
vt 0.843750 0.070135
vt 0.843750 0.083851
vt 0.843750 0.097567
vt 0.738773 0.095737
vt 0.739105 0.081117
vt 0.739437 0.066497
vt 0.625000 0.884376
vt 0.740624 0.000000
vt 0.560538 0.884409
vt 0.500000 0.884409
vt 0.439460 0.884517
vt 0.259603 -0.000000
vt 0.375000 0.884603
vt 0.260648 0.066494
vt 0.260773 0.081118
vt 0.260897 0.095743
vt 0.218750 0.096478
vt 0.218750 0.082216
vt 0.218750 0.067955
vt 0.218750 0.000000
vt 0.375000 0.843750
vt 0.446639 0.843750
vt 0.553360 0.843750
vt 0.500000 0.843750
vt 0.625000 0.843750
vt 0.781250 0.000000
vt 0.781250 0.067955
vt 0.781250 0.082216
vt 0.781250 0.096478
vt 0.171875 0.097295
vt 0.171875 0.083442
vt 0.171875 0.069590
vt 0.171875 0.000000
vt 0.375000 0.796875
vt 0.456136 0.796875
vt 0.543864 0.796875
vt 0.500000 0.796875
vt 0.625000 0.796875
vt 0.828125 0.000000
vt 0.828125 0.069590
vt 0.828125 0.083442
vt 0.828125 0.097295
vt 0.140625 0.097840
vt 0.140625 0.084260
vt 0.140625 0.070680
vt 0.140625 0.000000
vt 0.375000 0.765625
vt 0.461092 0.765625
vt 0.538908 0.765625
vt 0.500000 0.765625
vt 0.625000 0.765625
vt 0.859375 0.000000
vt 0.859375 0.070680
vt 0.859375 0.084260
vt 0.859375 0.097840
vt 0.716319 0.095345
vt 0.717315 0.080553
vt 0.718311 0.065760
vt 0.625000 0.903127
vt 0.721873 0.000000
vt 0.560856 0.903227
vt 0.500000 0.903227
vt 0.439138 0.903551
vt 0.278809 -0.000000
vt 0.375000 0.903809
vt 0.281945 0.065751
vt 0.282318 0.080557
vt 0.282692 0.095363
vt 0.667654 0.094497
vt 0.667353 0.079235
vt 0.667052 0.063973
vt 0.625000 0.959272
vt 0.665728 0.000000
vt 0.561799 0.958958
vt 0.500000 0.958958
vt 0.438200 0.958988
vt 0.333992 0.000000
vt 0.375000 0.958992
vt 0.332861 0.063976
vt 0.332773 0.079233
vt 0.332684 0.094491
vt 0.359375 0.094026
vt 0.359375 0.078538
vt 0.359375 0.063051
vt 0.359375 0.000000
vt 0.375000 0.984375
vt 0.437771 0.984375
vt 0.562229 0.984375
vt 0.500000 0.984375
vt 0.625000 0.984375
vt 0.640625 0.000000
vt 0.640625 0.063051
vt 0.640625 0.078538
vt 0.640625 0.094026
vt 0.375000 0.000000
vt 0.375000 0.062506
vt 0.463567 0.062506
vt 0.437506 0.000000
vt 0.375000 0.796875
vt 0.375000 0.812500
vt 0.453658 0.812500
vt 0.456136 0.796875
vt 0.812500 0.000000
vt 0.812500 0.069045
vt 0.828125 0.069590
vt 0.828125 0.000000
vt 0.171875 0.000000
vt 0.171875 0.069590
vt 0.187500 0.069045
vt 0.187500 0.000000
vt 0.250000 0.000000
vt 0.250000 0.066865
vt 0.260648 0.066494
vt 0.259603 -0.000000
vt 0.739437 0.066497
vt 0.750000 0.066865
vt 0.750000 0.000000
vt 0.740624 0.000000
vt 0.375000 0.875000
vt 0.375000 0.884603
vt 0.439460 0.884517
vt 0.439621 0.875000
vt 0.218750 0.000000
vt 0.218750 0.067955
vt 0.781250 0.067955
vt 0.781250 0.000000
vt 0.375000 0.843750
vt 0.446639 0.843750
vt 0.546342 0.812500
vt 0.625000 0.812500
vt 0.625000 0.796875
vt 0.543864 0.796875
vt 0.560378 0.875000
vt 0.625000 0.875000
vt 0.625000 0.843750
vt 0.553360 0.843750
vt 0.625000 0.884376
vt 0.560538 0.884409
vt 0.536433 0.062506
vt 0.625000 0.062506
vt 0.625000 0.000000
vt 0.562494 0.000000
vt 0.500000 0.812500
vt 0.500000 0.796875
vt 0.500000 0.875000
vt 0.500000 0.843750
vt 0.500000 0.884409
vt 0.500000 0.062506
vt 0.500000 0.000000
vt 0.187500 0.083034
vt 0.171875 0.083442
vt 0.171875 0.097295
vt 0.187500 0.097022
vt 0.250000 0.081399
vt 0.218750 0.082216
vt 0.218750 0.096478
vt 0.250000 0.095933
vt 0.260773 0.081118
vt 0.260897 0.095743
vt 0.463567 0.078130
vt 0.375000 0.078130
vt 0.375000 0.093753
vt 0.463567 0.093753
vt 0.500000 0.093753
vt 0.500000 0.078130
vt 0.625000 0.078130
vt 0.536433 0.078130
vt 0.536433 0.093753
vt 0.625000 0.093753
vt 0.750000 0.081399
vt 0.739105 0.081117
vt 0.738773 0.095737
vt 0.750000 0.095933
vt 0.781250 0.082216
vt 0.781250 0.096478
vt 0.828125 0.083442
vt 0.812500 0.083034
vt 0.812500 0.097022
vt 0.828125 0.097295
vt 0.678455 0.079523
vt 0.667353 0.079235
vt 0.667654 0.094497
vt 0.679057 0.094696
vt 0.665728 0.000000
vt 0.667052 0.063973
vt 0.677853 0.064349
vt 0.675205 0.000000
vt 0.561799 0.958958
vt 0.625000 0.959272
vt 0.625000 0.949795
vt 0.561634 0.949167
vt 0.438365 0.949227
vt 0.438200 0.958988
vt 0.500000 0.958958
vt 0.500000 0.949167
vt 0.375000 0.949235
vt 0.375000 0.958992
vt 0.321973 0.064355
vt 0.332861 0.063976
vt 0.333992 0.000000
vt 0.324235 0.000000
vt 0.332773 0.079233
vt 0.321795 0.079520
vt 0.321617 0.094684
vt 0.332684 0.094491
vt 0.640625 0.078538
vt 0.640625 0.094026
vt 0.640625 0.063051
vt 0.640625 0.000000
vt 0.562494 1.000000
vt 0.625000 1.000000
vt 0.625000 0.984375
vt 0.562229 0.984375
vt 0.437771 0.984375
vt 0.437506 1.000000
vt 0.500000 1.000000
vt 0.500000 0.984375
vt 0.375000 0.984375
vt 0.375000 1.000000
vt 0.359375 0.063051
vt 0.359375 0.000000
vt 0.359375 0.078538
vt 0.359375 0.094026
vt 0.705092 0.095150
vt 0.706420 0.080271
vt 0.687500 0.079764
vt 0.687500 0.094843
vt 0.707749 0.065392
vt 0.712497 0.000000
vt 0.687500 0.014594
vt 0.687500 0.064333
vt 0.625000 0.912503
vt 0.561015 0.912636
vt 0.576985 0.937500
vt 0.621663 0.937500
vt 0.500000 0.912636
vt 0.438977 0.913068
vt 0.451160 0.937500
vt 0.500000 0.937500
vt 0.375000 0.913412
vt 0.382017 0.937500
vt 0.438564 0.937500
vt 0.288412 -0.000000
vt 0.292593 0.065380
vt 0.312500 0.063330
vt 0.312500 0.000000
vt 0.293091 0.080276
vt 0.293589 0.095173
vt 0.312500 0.094728
vt 0.312500 0.079707
vt 0.312500 0.064686
vt 0.687500 0.064686
vt 0.728210 0.080835
vt 0.717315 0.080553
vt 0.716319 0.095345
vt 0.727546 0.095541
vt 0.728874 0.066129
vt 0.718311 0.065760
vt 0.731249 0.000000
vt 0.721873 0.000000
vt 0.625000 0.903127
vt 0.625000 0.893751
vt 0.560697 0.893818
vt 0.560856 0.903227
vt 0.439299 0.894034
vt 0.439138 0.903551
vt 0.500000 0.903227
vt 0.500000 0.893818
vt 0.375000 0.894206
vt 0.375000 0.903809
vt 0.271297 0.066123
vt 0.281945 0.065751
vt 0.278809 -0.000000
vt 0.269206 -0.000000
vt 0.271546 0.080838
vt 0.282318 0.080557
vt 0.271794 0.095553
vt 0.282692 0.095363
vt 0.156250 0.083851
vt 0.140625 0.084260
vt 0.140625 0.097840
vt 0.156250 0.097567
vt 0.156250 0.070135
vt 0.140625 0.070680
vt 0.140625 0.000000
vt 0.156250 0.000000
vt 0.375000 0.765625
vt 0.375000 0.781250
vt 0.458614 0.781250
vt 0.461092 0.765625
vt 0.500000 0.781250
vt 0.500000 0.765625
vt 0.625000 0.781250
vt 0.625000 0.765625
vt 0.538908 0.765625
vt 0.541386 0.781250
vt 0.843750 0.070135
vt 0.859375 0.070680
vt 0.859375 0.000000
vt 0.843750 0.000000
vt 0.843750 0.083851
vt 0.859375 0.084260
vt 0.843750 0.097567
vt 0.859375 0.097840
vt 0.125000 0.084668
vt 0.125000 0.098112
vt 0.125000 0.071224
vt 0.125000 0.000000
vt 0.375000 0.750000
vt 0.463570 0.750000
vt 0.500000 0.750000
vt 0.625000 0.750000
vt 0.536430 0.750000
vt 0.875000 0.071224
vt 0.875000 0.000000
vt 0.875000 0.084668
vt 0.875000 0.098112
vt 0.656250 0.078947
vt 0.656250 0.094298
vt 0.656250 0.063596
vt 0.656250 0.000000
vt 0.561965 0.968750
vt 0.625000 0.968750
vt 0.438035 0.968750
vt 0.500000 0.968750
vt 0.375000 0.968750
vt 0.343750 0.063596
vt 0.343750 0.000000
vt 0.343750 0.078947
vt 0.343750 0.094298
vn -0.504919 0.675391 0.537498
vn -0.680956 0.332663 0.652407
vn -0.581986 0.320366 0.747434
vn -0.435602 0.652194 0.620398
vn -0.739186 0.537085 -0.406379
vn -0.929183 0.305614 -0.207890
vn -0.919402 0.340352 -0.197132
vn -0.705512 0.597675 -0.380838
vn -0.139169 -0.796117 0.588922
vn -0.144513 -0.726587 0.671705
vn -0.059271 -0.731783 0.678956
vn -0.055666 -0.803232 0.593060
vn -0.226579 0.767247 -0.599995
vn -0.246791 0.811217 -0.530115
vn -0.118571 0.823239 -0.555175
vn -0.094595 0.772675 -0.627714
vn -0.270841 0.893302 -0.358688
vn -0.271866 0.919715 -0.283219
vn -0.145675 0.946550 -0.287789
vn -0.147142 0.916672 -0.371566
vn -0.073300 -0.968159 0.239364
vn -0.159420 -0.956082 0.245952
vn -0.146785 -0.921277 0.360142
vn -0.062881 -0.931842 0.357374
vn -0.639551 0.715010 -0.282373
vn -0.900445 0.407614 -0.151820
vn -0.894004 0.431204 -0.121739
vn -0.616514 0.755369 -0.222099
vn -0.261839 0.850732 -0.455735
vn -0.270841 0.893302 -0.358688
vn -0.147142 0.916672 -0.371566
vn -0.136527 0.868666 -0.476215
vn -0.146785 -0.921277 0.360142
vn -0.139903 -0.858388 0.493556
vn -0.056787 -0.867147 0.494804
vn -0.062881 -0.931842 0.357374
vn -0.671821 0.655879 -0.344209
vn -0.909734 0.373632 -0.181063
vn -0.900445 0.407614 -0.151820
vn -0.639551 0.715010 -0.282373
vn -0.852858 -0.407211 0.326822
vn -0.857960 -0.364256 0.362246
vn -0.491109 -0.641431 0.589388
vn -0.478823 -0.703168 0.525626
vn -0.847458 -0.486485 0.212480
vn -0.849475 -0.446820 0.280613
vn -0.472807 -0.758505 0.448469
vn -0.472851 -0.813280 0.339099
vn -0.479437 -0.843104 0.243548
vn -0.847280 -0.508866 0.152222
vn -0.847458 -0.486485 0.212480
vn -0.472851 -0.813280 0.339099
vn -0.609583 -0.371787 0.700130
vn -0.716796 -0.351822 0.602018
vn -0.635731 -0.585567 0.502948
vn -0.525047 -0.622360 0.580512
vn -0.929183 0.305614 -0.207890
vn -0.857960 -0.364256 0.362246
vn -0.852858 -0.407211 0.326822
vn -0.919402 0.340352 -0.197132
vn -0.909734 0.373632 -0.181063
vn -0.849475 -0.446820 0.280613
vn -0.847458 -0.486485 0.212480
vn -0.900445 0.407614 -0.151820
vn -0.900445 0.407614 -0.151820
vn -0.847458 -0.486485 0.212480
vn -0.847280 -0.508866 0.152222
vn -0.894004 0.431204 -0.121739
vn -0.680956 0.332663 0.652407
vn -0.716796 -0.351822 0.602018
vn -0.609583 -0.371787 0.700130
vn -0.581986 0.320366 0.747434
vn 0.020639 0.817987 -0.574866
vn 0.029802 0.814774 -0.579012
vn 0.018027 0.753826 -0.656827
vn 0.028639 0.758992 -0.650470
vn 0.027797 0.926282 -0.375804
vn 0.077410 0.924917 -0.372204
vn 0.049257 0.869639 -0.491225
vn 0.019899 0.871361 -0.490239
vn 0.051172 0.959723 -0.276249
vn 0.120260 0.957124 -0.263538
vn 0.077410 0.924917 -0.372204
vn 0.027797 0.926282 -0.375804
vn -0.336400 0.339802 0.878277
vn -0.189890 0.369853 0.909478
vn -0.099104 0.700916 0.706325
vn -0.231184 0.667334 0.707968
vn -0.336400 0.339802 0.878277
vn -0.360995 -0.415499 0.834891
vn -0.223431 -0.439439 0.870041
vn -0.189890 0.369853 0.909478
vn -0.284773 -0.703572 0.651069
vn -0.161351 -0.747317 0.644580
vn -0.223431 -0.439439 0.870041
vn -0.360995 -0.415499 0.834891
vn 0.017692 -0.935781 0.352137
vn 0.014137 -0.935816 0.352206
vn 0.021575 -0.973139 0.229206
vn 0.017316 -0.973013 0.230101
vn 0.016986 -0.869728 0.493238
vn 0.007409 -0.869528 0.493828
vn 0.014137 -0.935816 0.352206
vn 0.017692 -0.935781 0.352137
vn 0.012765 -0.730709 0.682570
vn -0.000839 -0.729676 0.683793
vn 0.002445 -0.803711 0.595015
vn 0.015281 -0.804269 0.594069
vn 0.030939 -0.985132 -0.168989
vn 0.043131 -0.984535 -0.169798
vn 0.041245 -0.984343 -0.171373
vn 0.031783 -0.984308 -0.173574
vn -0.180983 -0.967457 -0.176837
vn -0.174617 -0.970887 -0.163971
vn -0.078139 -0.982881 -0.166852
vn -0.079551 -0.980951 -0.177221
vn -0.867361 -0.492152 -0.073969
vn -0.858648 -0.499310 -0.115813
vn -0.531056 -0.836432 -0.135501
vn -0.552517 -0.822668 -0.133946
vn -0.895230 0.444828 -0.026276
vn -0.858648 -0.499310 -0.115813
vn -0.867361 -0.492152 -0.073969
vn -0.909392 0.409689 0.071837
vn -0.619018 0.785210 0.016199
vn -0.895230 0.444828 -0.026276
vn -0.909392 0.409689 0.071837
vn -0.658919 0.742698 0.119271
vn -0.063592 0.997110 0.041555
vn -0.212491 0.976830 0.025527
vn -0.239701 0.962650 0.125895
vn -0.077146 0.988710 0.128454
vn 0.181691 0.974803 0.129412
vn 0.276251 0.952243 0.130069
vn 0.266236 0.961434 0.069014
vn 0.176578 0.982266 0.063035
vn -0.032200 -0.996475 0.077465
vn -0.011144 -0.997061 0.075794
vn -0.039322 -0.981654 0.186573
vn -0.072628 -0.978243 0.194337
vn -0.319964 -0.940088 0.117721
vn -0.278176 -0.960272 0.022287
vn -0.166688 -0.984685 0.051103
vn -0.213982 -0.963470 0.161054
vn -0.860052 -0.386981 0.332499
vn -0.877736 -0.423735 0.223668
vn -0.699046 -0.709457 0.089473
vn -0.736637 -0.646749 0.197691
vn -0.844626 0.366202 0.390516
vn -0.877736 -0.423735 0.223668
vn -0.860052 -0.386981 0.332499
vn -0.800185 0.363264 0.477225
vn -0.600247 0.706835 0.374283
vn -0.844626 0.366202 0.390516
vn -0.800185 0.363264 0.477225
vn -0.559182 0.711301 0.425871
vn -0.223373 0.896932 0.381600
vn -0.381602 0.838370 0.389250
vn -0.419378 0.795777 0.436877
vn -0.278086 0.850102 0.447208
vn 0.009337 0.896559 0.442827
vn 0.151207 0.890407 0.429315
vn 0.211705 0.912788 0.349284
vn 0.075979 0.929963 0.359717
vn 0.039454 -0.995380 -0.087530
vn 0.043131 -0.984535 -0.169798
vn 0.030939 -0.985132 -0.168989
vn 0.023461 -0.995848 -0.087951
vn -0.089001 -0.992080 -0.088631
vn -0.078139 -0.982881 -0.166852
vn -0.174617 -0.970887 -0.163971
vn -0.185001 -0.978783 -0.088083
vn -0.524333 -0.848315 -0.073736
vn -0.531056 -0.836432 -0.135501
vn -0.858648 -0.499310 -0.115813
vn -0.856166 -0.509444 -0.086295
vn -0.856166 -0.509444 -0.086295
vn -0.858648 -0.499310 -0.115813
vn -0.895230 0.444828 -0.026276
vn -0.884894 0.460848 -0.067685
vn -0.884894 0.460848 -0.067685
vn -0.895230 0.444828 -0.026276
vn -0.619018 0.785210 0.016199
vn -0.589158 0.806850 -0.043442
vn -0.219912 0.975236 -0.023524
vn -0.212491 0.976830 0.025527
vn -0.063592 0.997110 0.041555
vn -0.078496 0.996902 -0.004919
vn 0.157968 0.987165 0.023491
vn 0.176578 0.982266 0.063035
vn 0.266236 0.961434 0.069014
vn 0.251360 0.967326 0.033148
vn -0.118571 0.823239 -0.555175
vn 0.020639 0.817987 -0.574866
vn 0.028639 0.758992 -0.650470
vn -0.094595 0.772675 -0.627714
vn -0.147142 0.916672 -0.371566
vn 0.027797 0.926282 -0.375804
vn 0.019899 0.871361 -0.490239
vn -0.136527 0.868666 -0.476215
vn -0.145675 0.946550 -0.287789
vn 0.051172 0.959723 -0.276249
vn 0.027797 0.926282 -0.375804
vn -0.147142 0.916672 -0.371566
vn -0.078496 0.996902 -0.004919
vn -0.063592 0.997110 0.041555
vn 0.176578 0.982266 0.063035
vn 0.157968 0.987165 0.023491
vn -0.077146 0.988710 0.128454
vn 0.181691 0.974803 0.129412
vn 0.176578 0.982266 0.063035
vn -0.063592 0.997110 0.041555
vn -0.278086 0.850102 0.447208
vn 0.009337 0.896559 0.442827
vn 0.075979 0.929963 0.359717
vn -0.223373 0.896932 0.381600
vn -0.581986 0.320366 0.747434
vn -0.336400 0.339802 0.878277
vn -0.231184 0.667334 0.707968
vn -0.435602 0.652194 0.620398
vn -0.581986 0.320366 0.747434
vn -0.609583 -0.371787 0.700130
vn -0.360995 -0.415499 0.834891
vn -0.336400 0.339802 0.878277
vn -0.525047 -0.622360 0.580512
vn -0.284773 -0.703572 0.651069
vn -0.360995 -0.415499 0.834891
vn -0.609583 -0.371787 0.700130
vn -0.166688 -0.984685 0.051103
vn -0.032200 -0.996475 0.077465
vn -0.072628 -0.978243 0.194337
vn -0.213982 -0.963470 0.161054
vn -0.078139 -0.982881 -0.166852
vn 0.030939 -0.985132 -0.168989
vn 0.031783 -0.984308 -0.173574
vn -0.079551 -0.980951 -0.177221
vn 0.023461 -0.995848 -0.087951
vn 0.030939 -0.985132 -0.168989
vn -0.078139 -0.982881 -0.166852
vn -0.089001 -0.992080 -0.088631
vn -0.062881 -0.931842 0.357374
vn 0.017692 -0.935781 0.352137
vn 0.017316 -0.973013 0.230101
vn -0.073300 -0.968159 0.239364
vn -0.056787 -0.867147 0.494804
vn 0.016986 -0.869728 0.493238
vn 0.017692 -0.935781 0.352137
vn -0.062881 -0.931842 0.357374
vn -0.059271 -0.731783 0.678956
vn 0.012765 -0.730709 0.682570
vn 0.015281 -0.804269 0.594069
vn -0.055666 -0.803232 0.593060
vn 0.016407 -0.994160 0.106663
vn 0.028469 -0.993955 0.106034
vn 0.034237 -0.999408 -0.003518
vn 0.017155 -0.999844 -0.004109
vn -0.085342 -0.989882 0.113361
vn 0.016407 -0.994160 0.106663
vn 0.017155 -0.999844 -0.004109
vn -0.093015 -0.995655 -0.004398
vn -0.093015 -0.995655 -0.004398
vn -0.185688 -0.982600 -0.004057
vn -0.174744 -0.977451 0.118549
vn -0.085342 -0.989882 0.113361
vn -0.507572 -0.861603 0.003439
vn -0.850855 -0.524536 -0.030117
vn -0.849217 -0.524389 0.062016
vn -0.491650 -0.861963 0.123690
vn -0.890626 0.443187 -0.101834
vn -0.849217 -0.524389 0.062016
vn -0.850855 -0.524536 -0.030117
vn -0.886663 0.454836 -0.083379
vn -0.602806 0.782469 -0.156101
vn -0.890626 0.443187 -0.101834
vn -0.886663 0.454836 -0.083379
vn -0.589542 0.802866 -0.088579
vn -0.130485 0.974656 -0.181715
vn -0.263410 0.946089 -0.188499
vn -0.242334 0.967081 -0.077639
vn -0.104649 0.992663 -0.060577
vn -0.104649 0.992663 -0.060577
vn 0.130280 0.991046 -0.029232
vn 0.091607 0.983620 -0.155241
vn -0.130485 0.974656 -0.181715
vn 0.130280 0.991046 -0.029232
vn 0.225725 0.974065 -0.015669
vn 0.178859 0.974213 -0.137547
vn 0.091607 0.983620 -0.155241
vn 0.040584 0.707089 -0.705959
vn 0.010981 0.700943 -0.713132
vn 0.005461 0.670712 -0.741698
vn 0.052651 0.676721 -0.734354
vn -0.066759 0.727139 -0.683237
vn 0.040584 0.707089 -0.705959
vn 0.052651 0.676721 -0.734354
vn -0.038858 0.699882 -0.713201
vn -0.176119 0.704838 -0.687157
vn -0.202013 0.727815 -0.655344
vn -0.066759 0.727139 -0.683237
vn -0.038858 0.699882 -0.713201
vn -0.798068 0.442022 -0.409518
vn -0.946289 0.248700 -0.206606
vn -0.938242 0.273451 -0.211959
vn -0.770243 0.482433 -0.417114
vn -0.946289 0.248700 -0.206606
vn -0.870403 -0.305625 0.385995
vn -0.863724 -0.328312 0.382352
vn -0.938242 0.273451 -0.211959
vn -0.508281 -0.586765 0.630363
vn -0.863724 -0.328312 0.382352
vn -0.870403 -0.305625 0.385995
vn -0.529822 -0.551739 0.644107
vn -0.067728 -0.667643 0.741394
vn -0.155805 -0.664469 0.730894
vn -0.172635 -0.627393 0.759326
vn -0.080662 -0.629666 0.772667
vn -0.080662 -0.629666 0.772667
vn 0.005186 -0.624607 0.780922
vn 0.009350 -0.664106 0.747580
vn -0.067728 -0.667643 0.741394
vn 0.005186 -0.624607 0.780922
vn -0.001651 -0.622684 0.782472
vn -0.002179 -0.662561 0.749005
vn 0.009350 -0.664106 0.747580
vn 0.017316 -0.973013 0.230101
vn 0.021575 -0.973139 0.229206
vn 0.028469 -0.993955 0.106034
vn 0.016407 -0.994160 0.106663
vn -0.073300 -0.968159 0.239364
vn 0.017316 -0.973013 0.230101
vn 0.016407 -0.994160 0.106663
vn -0.085342 -0.989882 0.113361
vn -0.085342 -0.989882 0.113361
vn -0.174744 -0.977451 0.118549
vn -0.159420 -0.956082 0.245952
vn -0.073300 -0.968159 0.239364
vn -0.491650 -0.861963 0.123690
vn -0.849217 -0.524389 0.062016
vn -0.847280 -0.508866 0.152222
vn -0.479437 -0.843104 0.243548
vn -0.894004 0.431204 -0.121739
vn -0.847280 -0.508866 0.152222
vn -0.849217 -0.524389 0.062016
vn -0.890626 0.443187 -0.101834
vn -0.616514 0.755369 -0.222099
vn -0.894004 0.431204 -0.121739
vn -0.890626 0.443187 -0.101834
vn -0.602806 0.782469 -0.156101
vn -0.145675 0.946550 -0.287789
vn -0.271866 0.919715 -0.283219
vn -0.263410 0.946089 -0.188499
vn -0.130485 0.974656 -0.181715
vn -0.130485 0.974656 -0.181715
vn 0.091607 0.983620 -0.155241
vn 0.051172 0.959723 -0.276249
vn -0.145675 0.946550 -0.287789
vn 0.091607 0.983620 -0.155241
vn 0.178859 0.974213 -0.137547
vn 0.120260 0.957124 -0.263538
vn 0.051172 0.959723 -0.276249
vn 0.019899 0.871361 -0.490239
vn 0.049257 0.869639 -0.491225
vn 0.029802 0.814774 -0.579012
vn 0.020639 0.817987 -0.574866
vn -0.136527 0.868666 -0.476215
vn 0.019899 0.871361 -0.490239
vn 0.020639 0.817987 -0.574866
vn -0.118571 0.823239 -0.555175
vn -0.246791 0.811217 -0.530115
vn -0.261839 0.850732 -0.455735
vn -0.136527 0.868666 -0.476215
vn -0.118571 0.823239 -0.555175
vn -0.705512 0.597675 -0.380838
vn -0.919402 0.340352 -0.197132
vn -0.909734 0.373632 -0.181063
vn -0.671821 0.655879 -0.344209
vn -0.919402 0.340352 -0.197132
vn -0.852858 -0.407211 0.326822
vn -0.849475 -0.446820 0.280613
vn -0.909734 0.373632 -0.181063
vn -0.472807 -0.758505 0.448469
vn -0.849475 -0.446820 0.280613
vn -0.852858 -0.407211 0.326822
vn -0.478823 -0.703168 0.525626
vn -0.056787 -0.867147 0.494804
vn -0.139903 -0.858388 0.493556
vn -0.139169 -0.796117 0.588922
vn -0.055666 -0.803232 0.593060
vn -0.055666 -0.803232 0.593060
vn 0.015281 -0.804269 0.594069
vn 0.016986 -0.869728 0.493238
vn -0.056787 -0.867147 0.494804
vn 0.015281 -0.804269 0.594069
vn 0.002445 -0.803711 0.595015
vn 0.007409 -0.869528 0.493828
vn 0.016986 -0.869728 0.493238
vn 0.028639 0.758992 -0.650470
vn 0.018027 0.753826 -0.656827
vn 0.010981 0.700943 -0.713132
vn 0.040584 0.707089 -0.705959
vn -0.094595 0.772675 -0.627714
vn 0.028639 0.758992 -0.650470
vn 0.040584 0.707089 -0.705959
vn -0.066759 0.727139 -0.683237
vn -0.202013 0.727815 -0.655344
vn -0.226579 0.767247 -0.599995
vn -0.094595 0.772675 -0.627714
vn -0.066759 0.727139 -0.683237
vn -0.770243 0.482433 -0.417114
vn -0.938242 0.273451 -0.211959
vn -0.929183 0.305614 -0.207890
vn -0.739186 0.537085 -0.406379
vn -0.938242 0.273451 -0.211959
vn -0.863724 -0.328312 0.382352
vn -0.857960 -0.364256 0.362246
vn -0.929183 0.305614 -0.207890
vn -0.491109 -0.641431 0.589388
vn -0.857960 -0.364256 0.362246
vn -0.863724 -0.328312 0.382352
vn -0.508281 -0.586765 0.630363
vn -0.059271 -0.731783 0.678956
vn -0.144513 -0.726587 0.671705
vn -0.155805 -0.664469 0.730894
vn -0.067728 -0.667643 0.741394
vn -0.067728 -0.667643 0.741394
vn 0.009350 -0.664106 0.747580
vn 0.012765 -0.730709 0.682570
vn -0.059271 -0.731783 0.678956
vn 0.009350 -0.664106 0.747580
vn -0.002179 -0.662561 0.749005
vn -0.000839 -0.729676 0.683793
vn 0.012765 -0.730709 0.682570
vn 0.052651 0.676721 -0.734354
vn 0.005461 0.670712 -0.741698
vn 0.002599 0.654965 -0.755654
vn 0.058469 0.661073 -0.748040
vn -0.038858 0.699882 -0.713201
vn 0.052651 0.676721 -0.734354
vn 0.058469 0.661073 -0.748040
vn -0.024869 0.685851 -0.727317
vn -0.162760 0.693035 -0.702290
vn -0.176119 0.704838 -0.687157
vn -0.038858 0.699882 -0.713201
vn -0.024869 0.685851 -0.727317
vn -0.811061 0.422203 -0.404876
vn -0.950030 0.236894 -0.203282
vn -0.946289 0.248700 -0.206606
vn -0.798068 0.442022 -0.409518
vn -0.950030 0.236894 -0.203282
vn -0.873717 -0.293795 0.387689
vn -0.870403 -0.305625 0.385995
vn -0.946289 0.248700 -0.206606
vn -0.529822 -0.551739 0.644107
vn -0.870403 -0.305625 0.385995
vn -0.873717 -0.293795 0.387689
vn -0.541077 -0.533308 0.650245
vn -0.080662 -0.629666 0.772667
vn -0.172635 -0.627393 0.759326
vn -0.182041 -0.608087 0.772717
vn -0.088002 -0.610037 0.787471
vn -0.088002 -0.610037 0.787471
vn 0.002934 -0.604370 0.796698
vn 0.005186 -0.624607 0.780922
vn -0.080662 -0.629666 0.772667
vn 0.002934 -0.604370 0.796698
vn -0.000990 -0.602269 0.798292
vn -0.001651 -0.622684 0.782472
vn 0.005186 -0.624607 0.780922
vn 0.017155 -0.999844 -0.004109
vn 0.034237 -0.999408 -0.003518
vn 0.039454 -0.995380 -0.087530
vn 0.023461 -0.995848 -0.087951
vn -0.093015 -0.995655 -0.004398
vn 0.017155 -0.999844 -0.004109
vn 0.023461 -0.995848 -0.087951
vn -0.089001 -0.992080 -0.088631
vn -0.089001 -0.992080 -0.088631
vn -0.185001 -0.978783 -0.088083
vn -0.185688 -0.982600 -0.004057
vn -0.093015 -0.995655 -0.004398
vn -0.524333 -0.848315 -0.073736
vn -0.856166 -0.509444 -0.086295
vn -0.850855 -0.524536 -0.030117
vn -0.507572 -0.861603 0.003439
vn -0.886663 0.454836 -0.083379
vn -0.850855 -0.524536 -0.030117
vn -0.856166 -0.509444 -0.086295
vn -0.884894 0.460848 -0.067685
vn -0.589542 0.802866 -0.088579
vn -0.886663 0.454836 -0.083379
vn -0.884894 0.460848 -0.067685
vn -0.589158 0.806850 -0.043442
vn -0.104649 0.992663 -0.060577
vn -0.242334 0.967081 -0.077639
vn -0.219912 0.975236 -0.023524
vn -0.078496 0.996902 -0.004919
vn -0.078496 0.996902 -0.004919
vn 0.157968 0.987165 0.023491
vn 0.130280 0.991046 -0.029232
vn -0.104649 0.992663 -0.060577
vn 0.157968 0.987165 0.023491
vn 0.251360 0.967326 0.033148
vn 0.225725 0.974065 -0.015669
vn 0.130280 0.991046 -0.029232
vn 0.031783 -0.984308 -0.173574
vn 0.041245 -0.984343 -0.171373
vn 0.027624 -0.995508 -0.090558
vn 0.019301 -0.995215 -0.095781
vn -0.079551 -0.980951 -0.177221
vn 0.031783 -0.984308 -0.173574
vn 0.019301 -0.995215 -0.095781
vn -0.101396 -0.988695 -0.110458
vn -0.213062 -0.969820 -0.118550
vn -0.180983 -0.967457 -0.176837
vn -0.079551 -0.980951 -0.177221
vn -0.101396 -0.988695 -0.110458
vn -0.880492 -0.472581 0.037427
vn -0.867361 -0.492152 -0.073969
vn -0.552517 -0.822668 -0.133946
vn -0.611754 -0.788246 -0.066528
vn -0.909392 0.409689 0.071837
vn -0.867361 -0.492152 -0.073969
vn -0.880492 -0.472581 0.037427
vn -0.899662 0.378543 0.217516
vn -0.658919 0.742698 0.119271
vn -0.909392 0.409689 0.071837
vn -0.899662 0.378543 0.217516
vn -0.657552 0.709886 0.252363
vn -0.077146 0.988710 0.128454
vn -0.239701 0.962650 0.125895
vn -0.304039 0.914407 0.267245
vn -0.130541 0.959697 0.248881
vn -0.130541 0.959697 0.248881
vn 0.160660 0.961911 0.221170
vn 0.181691 0.974803 0.129412
vn -0.077146 0.988710 0.128454
vn 0.160660 0.961911 0.221170
vn 0.275516 0.936628 0.216378
vn 0.276251 0.952243 0.130069
vn 0.181691 0.974803 0.129412
vn 0.075979 0.929963 0.359717
vn 0.211705 0.912788 0.349284
vn 0.275516 0.936628 0.216378
vn 0.160660 0.961911 0.221170
vn -0.223373 0.896932 0.381600
vn 0.075979 0.929963 0.359717
vn 0.160660 0.961911 0.221170
vn -0.130541 0.959697 0.248881
vn -0.130541 0.959697 0.248881
vn -0.304039 0.914407 0.267245
vn -0.381602 0.838370 0.389250
vn -0.223373 0.896932 0.381600
vn -0.657552 0.709886 0.252363
vn -0.899662 0.378543 0.217516
vn -0.844626 0.366202 0.390516
vn -0.600247 0.706835 0.374283
vn -0.899662 0.378543 0.217516
vn -0.880492 -0.472581 0.037427
vn -0.877736 -0.423735 0.223668
vn -0.844626 0.366202 0.390516
vn -0.699046 -0.709457 0.089473
vn -0.877736 -0.423735 0.223668
vn -0.880492 -0.472581 0.037427
vn -0.611754 -0.788246 -0.066528
vn -0.166688 -0.984685 0.051103
vn -0.278176 -0.960272 0.022287
vn -0.213062 -0.969820 -0.118550
vn -0.101396 -0.988695 -0.110458
vn -0.101396 -0.988695 -0.110458
vn 0.019301 -0.995215 -0.095781
vn -0.032200 -0.996475 0.077465
vn -0.166688 -0.984685 0.051103
vn 0.019301 -0.995215 -0.095781
vn 0.027624 -0.995508 -0.090558
vn -0.011144 -0.997061 0.075794
vn -0.032200 -0.996475 0.077465
vn 0.504919 0.675391 0.537498
vn 0.435602 0.652194 0.620398
vn 0.581986 0.320366 0.747434
vn 0.680956 0.332663 0.652407
vn 0.739186 0.537085 -0.406379
vn 0.705512 0.597675 -0.380838
vn 0.919402 0.340352 -0.197132
vn 0.929183 0.305614 -0.207890
vn 0.139169 -0.796117 0.588922
vn 0.055666 -0.803232 0.593060
vn 0.059271 -0.731783 0.678956
vn 0.144513 -0.726587 0.671705
vn 0.226579 0.767247 -0.599995
vn 0.094595 0.772675 -0.627714
vn 0.118571 0.823239 -0.555175
vn 0.246791 0.811217 -0.530115
vn 0.270841 0.893302 -0.358688
vn 0.147142 0.916672 -0.371566
vn 0.145675 0.946550 -0.287789
vn 0.271866 0.919715 -0.283219
vn 0.073300 -0.968159 0.239364
vn 0.062881 -0.931842 0.357374
vn 0.146785 -0.921277 0.360142
vn 0.159420 -0.956082 0.245952
vn 0.639551 0.715010 -0.282373
vn 0.616514 0.755369 -0.222099
vn 0.894004 0.431204 -0.121739
vn 0.900445 0.407614 -0.151820
vn 0.261839 0.850732 -0.455735
vn 0.136527 0.868666 -0.476215
vn 0.147142 0.916672 -0.371566
vn 0.270841 0.893302 -0.358688
vn 0.146785 -0.921277 0.360142
vn 0.062881 -0.931842 0.357374
vn 0.056787 -0.867147 0.494804
vn 0.139903 -0.858388 0.493556
vn 0.671821 0.655879 -0.344209
vn 0.639551 0.715010 -0.282373
vn 0.900445 0.407614 -0.151820
vn 0.909734 0.373632 -0.181063
vn 0.852858 -0.407211 0.326822
vn 0.478823 -0.703168 0.525626
vn 0.491109 -0.641431 0.589388
vn 0.857960 -0.364256 0.362246
vn 0.847458 -0.486485 0.212480
vn 0.472851 -0.813280 0.339099
vn 0.472807 -0.758505 0.448469
vn 0.849475 -0.446820 0.280613
vn 0.479437 -0.843104 0.243548
vn 0.472851 -0.813280 0.339099
vn 0.847458 -0.486485 0.212480
vn 0.847280 -0.508866 0.152222
vn 0.609583 -0.371787 0.700130
vn 0.525047 -0.622360 0.580512
vn 0.635731 -0.585567 0.502948
vn 0.716796 -0.351822 0.602018
vn 0.929183 0.305614 -0.207890
vn 0.919402 0.340352 -0.197132
vn 0.852858 -0.407211 0.326822
vn 0.857960 -0.364256 0.362246
vn 0.909734 0.373632 -0.181063
vn 0.900445 0.407614 -0.151820
vn 0.847458 -0.486485 0.212480
vn 0.849475 -0.446820 0.280613
vn 0.900445 0.407614 -0.151820
vn 0.894004 0.431204 -0.121739
vn 0.847280 -0.508866 0.152222
vn 0.847458 -0.486485 0.212480
vn 0.680956 0.332663 0.652407
vn 0.581986 0.320366 0.747434
vn 0.609583 -0.371787 0.700130
vn 0.716796 -0.351822 0.602018
vn -0.020639 0.817987 -0.574866
vn -0.028639 0.758992 -0.650470
vn -0.018027 0.753826 -0.656827
vn -0.029802 0.814774 -0.579012
vn -0.027797 0.926282 -0.375804
vn -0.019899 0.871361 -0.490239
vn -0.049257 0.869639 -0.491225
vn -0.077410 0.924917 -0.372204
vn -0.051172 0.959723 -0.276249
vn -0.027797 0.926282 -0.375804
vn -0.077410 0.924917 -0.372204
vn -0.120260 0.957124 -0.263538
vn 0.336400 0.339802 0.878277
vn 0.231184 0.667334 0.707968
vn 0.099104 0.700916 0.706325
vn 0.189890 0.369853 0.909478
vn 0.336400 0.339802 0.878277
vn 0.189890 0.369853 0.909478
vn 0.223431 -0.439439 0.870041
vn 0.360995 -0.415499 0.834891
vn 0.284773 -0.703572 0.651069
vn 0.360995 -0.415499 0.834891
vn 0.223431 -0.439439 0.870041
vn 0.161351 -0.747317 0.644580
vn -0.017692 -0.935781 0.352137
vn -0.017316 -0.973013 0.230101
vn -0.021575 -0.973139 0.229206
vn -0.014137 -0.935816 0.352206
vn -0.016986 -0.869728 0.493238
vn -0.017692 -0.935781 0.352137
vn -0.014137 -0.935816 0.352206
vn -0.007409 -0.869528 0.493828
vn -0.012765 -0.730709 0.682570
vn -0.015281 -0.804269 0.594069
vn -0.002445 -0.803711 0.595015
vn 0.000839 -0.729676 0.683793
vn -0.030939 -0.985132 -0.168989
vn -0.031783 -0.984308 -0.173574
vn -0.041245 -0.984343 -0.171373
vn -0.043131 -0.984535 -0.169798
vn 0.180983 -0.967457 -0.176837
vn 0.079551 -0.980951 -0.177221
vn 0.078139 -0.982881 -0.166852
vn 0.174617 -0.970887 -0.163971
vn 0.867361 -0.492152 -0.073969
vn 0.552517 -0.822668 -0.133946
vn 0.531056 -0.836432 -0.135501
vn 0.858648 -0.499310 -0.115813
vn 0.895230 0.444828 -0.026276
vn 0.909392 0.409689 0.071837
vn 0.867361 -0.492152 -0.073969
vn 0.858648 -0.499310 -0.115813
vn 0.619018 0.785210 0.016199
vn 0.658919 0.742698 0.119271
vn 0.909392 0.409689 0.071837
vn 0.895230 0.444828 -0.026276
vn 0.063592 0.997110 0.041555
vn 0.077146 0.988710 0.128454
vn 0.239701 0.962650 0.125895
vn 0.212491 0.976830 0.025527
vn -0.181691 0.974803 0.129412
vn -0.176578 0.982266 0.063035
vn -0.266236 0.961434 0.069014
vn -0.276251 0.952243 0.130069
vn 0.032200 -0.996475 0.077465
vn 0.072628 -0.978243 0.194337
vn 0.039322 -0.981654 0.186573
vn 0.011144 -0.997061 0.075794
vn 0.319964 -0.940088 0.117721
vn 0.213982 -0.963470 0.161054
vn 0.166688 -0.984685 0.051103
vn 0.278176 -0.960272 0.022287
vn 0.860052 -0.386981 0.332499
vn 0.736637 -0.646749 0.197691
vn 0.699046 -0.709457 0.089473
vn 0.877736 -0.423735 0.223668
vn 0.844626 0.366202 0.390516
vn 0.800185 0.363264 0.477225
vn 0.860052 -0.386981 0.332499
vn 0.877736 -0.423735 0.223668
vn 0.600247 0.706835 0.374283
vn 0.559182 0.711301 0.425871
vn 0.800185 0.363264 0.477225
vn 0.844626 0.366202 0.390516
vn 0.223373 0.896932 0.381600
vn 0.278086 0.850102 0.447208
vn 0.419378 0.795777 0.436877
vn 0.381602 0.838370 0.389250
vn -0.009337 0.896559 0.442827
vn -0.075979 0.929963 0.359717
vn -0.211705 0.912788 0.349284
vn -0.151207 0.890407 0.429315
vn -0.039454 -0.995380 -0.087530
vn -0.023461 -0.995848 -0.087951
vn -0.030939 -0.985132 -0.168989
vn -0.043131 -0.984535 -0.169798
vn 0.089001 -0.992080 -0.088631
vn 0.185001 -0.978783 -0.088083
vn 0.174617 -0.970887 -0.163971
vn 0.078139 -0.982881 -0.166852
vn 0.524333 -0.848315 -0.073736
vn 0.856166 -0.509444 -0.086295
vn 0.858648 -0.499310 -0.115813
vn 0.531056 -0.836432 -0.135501
vn 0.856166 -0.509444 -0.086295
vn 0.884894 0.460848 -0.067685
vn 0.895230 0.444828 -0.026276
vn 0.858648 -0.499310 -0.115813
vn 0.884894 0.460848 -0.067685
vn 0.589158 0.806850 -0.043442
vn 0.619018 0.785210 0.016199
vn 0.895230 0.444828 -0.026276
vn 0.219912 0.975236 -0.023524
vn 0.078496 0.996902 -0.004919
vn 0.063592 0.997110 0.041555
vn 0.212491 0.976830 0.025527
vn -0.157968 0.987165 0.023491
vn -0.251360 0.967326 0.033148
vn -0.266236 0.961434 0.069014
vn -0.176578 0.982266 0.063035
vn 0.118571 0.823239 -0.555175
vn 0.094595 0.772675 -0.627714
vn -0.028639 0.758992 -0.650470
vn -0.020639 0.817987 -0.574866
vn 0.147142 0.916672 -0.371566
vn 0.136527 0.868666 -0.476215
vn -0.019899 0.871361 -0.490239
vn -0.027797 0.926282 -0.375804
vn 0.145675 0.946550 -0.287789
vn 0.147142 0.916672 -0.371566
vn -0.027797 0.926282 -0.375804
vn -0.051172 0.959723 -0.276249
vn 0.078496 0.996902 -0.004919
vn -0.157968 0.987165 0.023491
vn -0.176578 0.982266 0.063035
vn 0.063592 0.997110 0.041555
vn 0.077146 0.988710 0.128454
vn 0.063592 0.997110 0.041555
vn -0.176578 0.982266 0.063035
vn -0.181691 0.974803 0.129412
vn 0.278086 0.850102 0.447208
vn 0.223373 0.896932 0.381600
vn -0.075979 0.929963 0.359717
vn -0.009337 0.896559 0.442827
vn 0.581986 0.320366 0.747434
vn 0.435602 0.652194 0.620398
vn 0.231184 0.667334 0.707968
vn 0.336400 0.339802 0.878277
vn 0.581986 0.320366 0.747434
vn 0.336400 0.339802 0.878277
vn 0.360995 -0.415499 0.834891
vn 0.609583 -0.371787 0.700130
vn 0.525047 -0.622360 0.580512
vn 0.609583 -0.371787 0.700130
vn 0.360995 -0.415499 0.834891
vn 0.284773 -0.703572 0.651069
vn 0.166688 -0.984685 0.051103
vn 0.213982 -0.963470 0.161054
vn 0.072628 -0.978243 0.194337
vn 0.032200 -0.996475 0.077465
vn 0.078139 -0.982881 -0.166852
vn 0.079551 -0.980951 -0.177221
vn -0.031783 -0.984308 -0.173574
vn -0.030939 -0.985132 -0.168989
vn -0.023461 -0.995848 -0.087951
vn 0.089001 -0.992080 -0.088631
vn 0.078139 -0.982881 -0.166852
vn -0.030939 -0.985132 -0.168989
vn 0.062881 -0.931842 0.357374
vn 0.073300 -0.968159 0.239364
vn -0.017316 -0.973013 0.230101
vn -0.017692 -0.935781 0.352137
vn 0.056787 -0.867147 0.494804
vn 0.062881 -0.931842 0.357374
vn -0.017692 -0.935781 0.352137
vn -0.016986 -0.869728 0.493238
vn 0.059271 -0.731783 0.678956
vn 0.055666 -0.803232 0.593060
vn -0.015281 -0.804269 0.594069
vn -0.012765 -0.730709 0.682570
vn -0.016407 -0.994160 0.106663
vn -0.017155 -0.999844 -0.004109
vn -0.034237 -0.999408 -0.003518
vn -0.028469 -0.993955 0.106034
vn 0.085342 -0.989882 0.113361
vn 0.093015 -0.995655 -0.004398
vn -0.017155 -0.999844 -0.004109
vn -0.016407 -0.994160 0.106663
vn 0.093015 -0.995655 -0.004398
vn 0.085342 -0.989882 0.113361
vn 0.174744 -0.977451 0.118549
vn 0.185688 -0.982600 -0.004057
vn 0.507572 -0.861603 0.003439
vn 0.491650 -0.861963 0.123690
vn 0.849217 -0.524389 0.062016
vn 0.850855 -0.524536 -0.030117
vn 0.890626 0.443187 -0.101834
vn 0.886663 0.454836 -0.083379
vn 0.850855 -0.524536 -0.030117
vn 0.849217 -0.524389 0.062016
vn 0.602806 0.782469 -0.156101
vn 0.589542 0.802866 -0.088579
vn 0.886663 0.454836 -0.083379
vn 0.890626 0.443187 -0.101834
vn 0.130485 0.974656 -0.181715
vn 0.104649 0.992663 -0.060577
vn 0.242334 0.967081 -0.077639
vn 0.263410 0.946089 -0.188499
vn 0.104649 0.992663 -0.060577
vn 0.130485 0.974656 -0.181715
vn -0.091607 0.983620 -0.155241
vn -0.130280 0.991046 -0.029232
vn -0.130280 0.991046 -0.029232
vn -0.091607 0.983620 -0.155241
vn -0.178859 0.974213 -0.137547
vn -0.225725 0.974065 -0.015669
vn -0.040584 0.707089 -0.705959
vn -0.052651 0.676721 -0.734354
vn -0.005461 0.670712 -0.741698
vn -0.010981 0.700943 -0.713132
vn 0.066759 0.727139 -0.683237
vn 0.038858 0.699882 -0.713201
vn -0.052651 0.676721 -0.734354
vn -0.040584 0.707089 -0.705959
vn 0.176119 0.704838 -0.687157
vn 0.038858 0.699882 -0.713201
vn 0.066759 0.727139 -0.683237
vn 0.202013 0.727815 -0.655344
vn 0.798068 0.442022 -0.409518
vn 0.770243 0.482433 -0.417114
vn 0.938242 0.273451 -0.211959
vn 0.946289 0.248700 -0.206606
vn 0.946289 0.248700 -0.206606
vn 0.938242 0.273451 -0.211959
vn 0.863724 -0.328312 0.382352
vn 0.870403 -0.305625 0.385995
vn 0.508281 -0.586765 0.630363
vn 0.529822 -0.551739 0.644107
vn 0.870403 -0.305625 0.385995
vn 0.863724 -0.328312 0.382352
vn 0.067728 -0.667643 0.741394
vn 0.080662 -0.629666 0.772667
vn 0.172635 -0.627393 0.759326
vn 0.155805 -0.664469 0.730894
vn 0.080662 -0.629666 0.772667
vn 0.067728 -0.667643 0.741394
vn -0.009350 -0.664106 0.747580
vn -0.005186 -0.624607 0.780922
vn -0.005186 -0.624607 0.780922
vn -0.009350 -0.664106 0.747580
vn 0.002179 -0.662561 0.749005
vn 0.001651 -0.622684 0.782472
vn -0.017316 -0.973013 0.230101
vn -0.016407 -0.994160 0.106663
vn -0.028469 -0.993955 0.106034
vn -0.021575 -0.973139 0.229206
vn 0.073300 -0.968159 0.239364
vn 0.085342 -0.989882 0.113361
vn -0.016407 -0.994160 0.106663
vn -0.017316 -0.973013 0.230101
vn 0.085342 -0.989882 0.113361
vn 0.073300 -0.968159 0.239364
vn 0.159420 -0.956082 0.245952
vn 0.174744 -0.977451 0.118549
vn 0.491650 -0.861963 0.123690
vn 0.479437 -0.843104 0.243548
vn 0.847280 -0.508866 0.152222
vn 0.849217 -0.524389 0.062016
vn 0.894004 0.431204 -0.121739
vn 0.890626 0.443187 -0.101834
vn 0.849217 -0.524389 0.062016
vn 0.847280 -0.508866 0.152222
vn 0.616514 0.755369 -0.222099
vn 0.602806 0.782469 -0.156101
vn 0.890626 0.443187 -0.101834
vn 0.894004 0.431204 -0.121739
vn 0.145675 0.946550 -0.287789
vn 0.130485 0.974656 -0.181715
vn 0.263410 0.946089 -0.188499
vn 0.271866 0.919715 -0.283219
vn 0.130485 0.974656 -0.181715
vn 0.145675 0.946550 -0.287789
vn -0.051172 0.959723 -0.276249
vn -0.091607 0.983620 -0.155241
vn -0.091607 0.983620 -0.155241
vn -0.051172 0.959723 -0.276249
vn -0.120260 0.957124 -0.263538
vn -0.178859 0.974213 -0.137547
vn -0.019899 0.871361 -0.490239
vn -0.020639 0.817987 -0.574866
vn -0.029802 0.814774 -0.579012
vn -0.049257 0.869639 -0.491225
vn 0.136527 0.868666 -0.476215
vn 0.118571 0.823239 -0.555175
vn -0.020639 0.817987 -0.574866
vn -0.019899 0.871361 -0.490239
vn 0.246791 0.811217 -0.530115
vn 0.118571 0.823239 -0.555175
vn 0.136527 0.868666 -0.476215
vn 0.261839 0.850732 -0.455735
vn 0.705512 0.597675 -0.380838
vn 0.671821 0.655879 -0.344209
vn 0.909734 0.373632 -0.181063
vn 0.919402 0.340352 -0.197132
vn 0.919402 0.340352 -0.197132
vn 0.909734 0.373632 -0.181063
vn 0.849475 -0.446820 0.280613
vn 0.852858 -0.407211 0.326822
vn 0.472807 -0.758505 0.448469
vn 0.478823 -0.703168 0.525626
vn 0.852858 -0.407211 0.326822
vn 0.849475 -0.446820 0.280613
vn 0.056787 -0.867147 0.494804
vn 0.055666 -0.803232 0.593060
vn 0.139169 -0.796117 0.588922
vn 0.139903 -0.858388 0.493556
vn 0.055666 -0.803232 0.593060
vn 0.056787 -0.867147 0.494804
vn -0.016986 -0.869728 0.493238
vn -0.015281 -0.804269 0.594069
vn -0.015281 -0.804269 0.594069
vn -0.016986 -0.869728 0.493238
vn -0.007409 -0.869528 0.493828
vn -0.002445 -0.803711 0.595015
vn -0.028639 0.758992 -0.650470
vn -0.040584 0.707089 -0.705959
vn -0.010981 0.700943 -0.713132
vn -0.018027 0.753826 -0.656827
vn 0.094595 0.772675 -0.627714
vn 0.066759 0.727139 -0.683237
vn -0.040584 0.707089 -0.705959
vn -0.028639 0.758992 -0.650470
vn 0.202013 0.727815 -0.655344
vn 0.066759 0.727139 -0.683237
vn 0.094595 0.772675 -0.627714
vn 0.226579 0.767247 -0.599995
vn 0.770243 0.482433 -0.417114
vn 0.739186 0.537085 -0.406379
vn 0.929183 0.305614 -0.207890
vn 0.938242 0.273451 -0.211959
vn 0.938242 0.273451 -0.211959
vn 0.929183 0.305614 -0.207890
vn 0.857960 -0.364256 0.362246
vn 0.863724 -0.328312 0.382352
vn 0.491109 -0.641431 0.589388
vn 0.508281 -0.586765 0.630363
vn 0.863724 -0.328312 0.382352
vn 0.857960 -0.364256 0.362246
vn 0.059271 -0.731783 0.678956
vn 0.067728 -0.667643 0.741394
vn 0.155805 -0.664469 0.730894
vn 0.144513 -0.726587 0.671705
vn 0.067728 -0.667643 0.741394
vn 0.059271 -0.731783 0.678956
vn -0.012765 -0.730709 0.682570
vn -0.009350 -0.664106 0.747580
vn -0.009350 -0.664106 0.747580
vn -0.012765 -0.730709 0.682570
vn 0.000839 -0.729676 0.683793
vn 0.002179 -0.662561 0.749005
vn -0.052651 0.676721 -0.734354
vn -0.058469 0.661073 -0.748040
vn -0.002599 0.654965 -0.755654
vn -0.005461 0.670712 -0.741698
vn 0.038858 0.699882 -0.713201
vn 0.024869 0.685851 -0.727317
vn -0.058469 0.661073 -0.748040
vn -0.052651 0.676721 -0.734354
vn 0.162760 0.693035 -0.702290
vn 0.024869 0.685851 -0.727317
vn 0.038858 0.699882 -0.713201
vn 0.176119 0.704838 -0.687157
vn 0.811061 0.422203 -0.404876
vn 0.798068 0.442022 -0.409518
vn 0.946289 0.248700 -0.206606
vn 0.950030 0.236894 -0.203282
vn 0.950030 0.236894 -0.203282
vn 0.946289 0.248700 -0.206606
vn 0.870403 -0.305625 0.385995
vn 0.873717 -0.293795 0.387689
vn 0.529822 -0.551739 0.644107
vn 0.541077 -0.533308 0.650245
vn 0.873717 -0.293795 0.387689
vn 0.870403 -0.305625 0.385995
vn 0.080662 -0.629666 0.772667
vn 0.088002 -0.610037 0.787471
vn 0.182041 -0.608087 0.772717
vn 0.172635 -0.627393 0.759326
vn 0.088002 -0.610037 0.787471
vn 0.080662 -0.629666 0.772667
vn -0.005186 -0.624607 0.780922
vn -0.002934 -0.604370 0.796698
vn -0.002934 -0.604370 0.796698
vn -0.005186 -0.624607 0.780922
vn 0.001651 -0.622684 0.782472
vn 0.000990 -0.602269 0.798292
vn -0.017155 -0.999844 -0.004109
vn -0.023461 -0.995848 -0.087951
vn -0.039454 -0.995380 -0.087530
vn -0.034237 -0.999408 -0.003518
vn 0.093015 -0.995655 -0.004398
vn 0.089001 -0.992080 -0.088631
vn -0.023461 -0.995848 -0.087951
vn -0.017155 -0.999844 -0.004109
vn 0.089001 -0.992080 -0.088631
vn 0.093015 -0.995655 -0.004398
vn 0.185688 -0.982600 -0.004057
vn 0.185001 -0.978783 -0.088083
vn 0.524333 -0.848315 -0.073736
vn 0.507572 -0.861603 0.003439
vn 0.850855 -0.524536 -0.030117
vn 0.856166 -0.509444 -0.086295
vn 0.886663 0.454836 -0.083379
vn 0.884894 0.460848 -0.067685
vn 0.856166 -0.509444 -0.086295
vn 0.850855 -0.524536 -0.030117
vn 0.589542 0.802866 -0.088579
vn 0.589158 0.806850 -0.043442
vn 0.884894 0.460848 -0.067685
vn 0.886663 0.454836 -0.083379
vn 0.104649 0.992663 -0.060577
vn 0.078496 0.996902 -0.004919
vn 0.219912 0.975236 -0.023524
vn 0.242334 0.967081 -0.077639
vn 0.078496 0.996902 -0.004919
vn 0.104649 0.992663 -0.060577
vn -0.130280 0.991046 -0.029232
vn -0.157968 0.987165 0.023491
vn -0.157968 0.987165 0.023491
vn -0.130280 0.991046 -0.029232
vn -0.225725 0.974065 -0.015669
vn -0.251360 0.967326 0.033148
vn -0.031783 -0.984308 -0.173574
vn -0.019301 -0.995215 -0.095781
vn -0.027624 -0.995508 -0.090558
vn -0.041245 -0.984343 -0.171373
vn 0.079551 -0.980951 -0.177221
vn 0.101396 -0.988695 -0.110458
vn -0.019301 -0.995215 -0.095781
vn -0.031783 -0.984308 -0.173574
vn 0.213062 -0.969820 -0.118550
vn 0.101396 -0.988695 -0.110458
vn 0.079551 -0.980951 -0.177221
vn 0.180983 -0.967457 -0.176837
vn 0.880492 -0.472581 0.037427
vn 0.611754 -0.788246 -0.066528
vn 0.552517 -0.822668 -0.133946
vn 0.867361 -0.492152 -0.073969
vn 0.909392 0.409689 0.071837
vn 0.899662 0.378543 0.217516
vn 0.880492 -0.472581 0.037427
vn 0.867361 -0.492152 -0.073969
vn 0.658919 0.742698 0.119271
vn 0.657552 0.709886 0.252363
vn 0.899662 0.378543 0.217516
vn 0.909392 0.409689 0.071837
vn 0.077146 0.988710 0.128454
vn 0.130541 0.959697 0.248881
vn 0.304039 0.914407 0.267245
vn 0.239701 0.962650 0.125895
vn 0.130541 0.959697 0.248881
vn 0.077146 0.988710 0.128454
vn -0.181691 0.974803 0.129412
vn -0.160660 0.961911 0.221170
vn -0.160660 0.961911 0.221170
vn -0.181691 0.974803 0.129412
vn -0.276251 0.952243 0.130069
vn -0.275516 0.936628 0.216378
vn -0.075979 0.929963 0.359717
vn -0.160660 0.961911 0.221170
vn -0.275516 0.936628 0.216378
vn -0.211705 0.912788 0.349284
vn 0.223373 0.896932 0.381600
vn 0.130541 0.959697 0.248881
vn -0.160660 0.961911 0.221170
vn -0.075979 0.929963 0.359717
vn 0.130541 0.959697 0.248881
vn 0.223373 0.896932 0.381600
vn 0.381602 0.838370 0.389250
vn 0.304039 0.914407 0.267245
vn 0.657552 0.709886 0.252363
vn 0.600247 0.706835 0.374283
vn 0.844626 0.366202 0.390516
vn 0.899662 0.378543 0.217516
vn 0.899662 0.378543 0.217516
vn 0.844626 0.366202 0.390516
vn 0.877736 -0.423735 0.223668
vn 0.880492 -0.472581 0.037427
vn 0.699046 -0.709457 0.089473
vn 0.611754 -0.788246 -0.066528
vn 0.880492 -0.472581 0.037427
vn 0.877736 -0.423735 0.223668
vn 0.166688 -0.984685 0.051103
vn 0.101396 -0.988695 -0.110458
vn 0.213062 -0.969820 -0.118550
vn 0.278176 -0.960272 0.022287
vn 0.101396 -0.988695 -0.110458
vn 0.166688 -0.984685 0.051103
vn 0.032200 -0.996475 0.077465
vn -0.019301 -0.995215 -0.095781
vn -0.019301 -0.995215 -0.095781
vn 0.032200 -0.996475 0.077465
vn 0.011144 -0.997061 0.075794
vn -0.027624 -0.995508 -0.090558
s off
g rentou2012:ren rentou2012:shetou1
usemtl lambert2SG
f 3681/5219/14523 3703/5230/14524 3705/5233/14525 3687/5222/14526
f 3800/5374/14527 3801/5375/14528 3699/5228/14529 3693/5211/14530
f 3696/5209/14531 3803/5379/14532 3804/5380/14533 3695/5208/14534
f 3800/5373/14535 3693/5206/14536 3694/5207/14537 3799/5372/14538
f 3689/5268/14539 3783/5352/14540 3784/5354/14541 3690/5272/14542
f 3779/5346/14543 3780/5348/14544 3692/5205/14545 3691/5247/14546
f 3689/5262/14547 3701/5257/14548 3782/5351/14549 3783/5353/14550
f 3790/5360/14551 3689/5268/14552 3690/5272/14553 3789/5359/14554
f 3692/5205/14555 3793/5366/14556 3794/5367/14557 3691/5247/14558
f 3790/5361/14559 3791/5362/14560 3701/5257/14561 3689/5262/14562
f 3700/5212/14563 3802/5376/14564 3803/5378/14565 3696/5215/14566
f 3702/5218/14567 3792/5363/14568 3793/5365/14569 3692/5254/14570
f 3780/5347/14571 3781/5349/14572 3702/5218/14573 3692/5254/14574
f 3706/5223/14575 3704/5224/14576 3682/5199/14577 3686/5204/14578
f 3801/5375/14579 3802/5377/14580 3700/5227/14581 3699/5228/14582
f 3791/5362/14583 3792/5364/14584 3702/5258/14585 3701/5257/14586
f 3701/5257/14587 3702/5258/14588 3781/5350/14589 3782/5351/14590
f 3703/5230/14591 3704/5231/14592 3706/5232/14593 3705/5233/14594
f 3742/5300/14595 3708/5235/14596 3797/5370/14597 3798/5371/14598
f 3743/5301/14599 3709/5236/14600 3787/5357/14601 3788/5358/14602
f 3785/5355/14603 3786/5356/14604 3709/5236/14605 3743/5301/14606
f 3748/5307/14607 3711/5238/14608 3710/5237/14609 3747/5306/14610
f 3748/5307/14611 3749/5309/14612 3712/5240/14613 3711/5238/14614
f 3750/5310/14615 3713/5241/14616 3712/5239/14617 3749/5308/14618
f 3754/5315/14619 3714/5248/14620 3777/5344/14621 3778/5345/14622
f 3795/5368/14623 3796/5369/14624 3714/5248/14625 3754/5315/14626
f 3805/5381/14627 3806/5382/14628 3715/5242/14629 3755/5316/14630
f 3752/5312/14631 3725/5251/14632 3827/5409/14633 3828/5410/14634
f 3830/5413/14635 3730/5256/14636 3728/5250/14637 3829/5411/14638
f 3831/5414/14639 3731/5260/14640 3730/5261/14641 3830/5412/14642
f 3734/5264/14643 3731/5265/14644 3831/5415/14645 3832/5416/14646
f 3736/5269/14647 3734/5264/14648 3832/5416/14649 3833/5418/14650
f 3737/5273/14651 3736/5274/14652 3833/5417/14653 3834/5419/14654
f 3835/5420/14655 3836/5421/14656 3740/5277/14657 3745/5303/14658
f 3845/5433/14659 3846/5434/14660 3713/5241/14661 3750/5310/14662
f 3682/5199/14663 3843/5431/14664 3844/5432/14665 3686/5204/14666
f 3704/5220/14667 3842/5428/14668 3843/5430/14669 3682/5221/14670
f 3841/5427/14671 3842/5429/14672 3704/5229/14673 3703/5216/14674
f 3840/5426/14675 3841/5427/14676 3703/5216/14677 3681/5217/14678
f 3839/5424/14679 3840/5425/14680 3681/5219/14681 3687/5222/14682
f 3747/5306/14683 3710/5237/14684 3837/5422/14685 3838/5423/14686
f 3726/5278/14687 3725/5279/14688 3752/5313/14689 3753/5314/14690
f 3727/5281/14691 3728/5282/14692 3730/5283/14693 3729/5249/14694
f 3729/5284/14695 3730/5285/14696 3731/5286/14697 3732/5253/14698
f 3732/5287/14699 3731/5288/14700 3734/5289/14701 3733/5290/14702
f 3733/5290/14703 3734/5291/14704 3736/5292/14705 3735/5263/14706
f 3735/5293/14707 3736/5294/14708 3737/5295/14709 3738/5296/14710
f 3744/5302/14711 3745/5304/14712 3740/5298/14713 3739/5271/14714
f 3694/5207/14715 3742/5300/14716 3798/5371/14717 3799/5372/14718
f 3690/5272/14719 3743/5301/14720 3788/5358/14721 3789/5359/14722
f 3784/5354/14723 3785/5355/14724 3743/5301/14725 3690/5272/14726
f 3738/5296/14727 3737/5297/14728 3745/5304/14729 3744/5302/14730
f 3834/5419/14731 3835/5420/14732 3745/5303/14733 3737/5273/14734
f 3687/5222/14735 3747/5306/14736 3838/5423/14737 3839/5424/14738
f 3705/5233/14739 3748/5307/14740 3747/5306/14741 3687/5222/14742
f 3705/5233/14743 3706/5232/14744 3749/5309/14745 3748/5307/14746
f 3686/5204/14747 3750/5310/14748 3749/5308/14749 3706/5223/14750
f 3844/5432/14751 3845/5433/14752 3750/5310/14753 3686/5204/14754
f 3728/5250/14755 3752/5312/14756 3828/5410/14757 3829/5411/14758
f 3753/5314/14759 3752/5313/14760 3728/5280/14761 3727/5281/14762
f 3691/5247/14763 3754/5315/14764 3778/5345/14765 3779/5346/14766
f 3794/5367/14767 3795/5368/14768 3754/5315/14769 3691/5247/14770
f 3804/5380/14771 3805/5381/14772 3755/5316/14773 3695/5208/14774
f 3758/5319/14775 3757/5318/14776 3817/5396/14777 3818/5397/14778
f 3759/5320/14779 3758/5319/14780 3818/5397/14781 3819/5398/14782
f 3819/5398/14783 3820/5400/14784 3760/5322/14785 3759/5320/14786
f 3820/5399/14787 3821/5401/14788 3761/5323/14789 3760/5321/14790
f 3762/5325/14791 3761/5324/14792 3821/5402/14793 3822/5403/14794
f 3763/5327/14795 3762/5325/14796 3822/5403/14797 3823/5405/14798
f 3764/5328/14799 3763/5326/14800 3823/5404/14801 3824/5406/14802
f 3824/5406/14803 3825/5407/14804 3765/5329/14805 3764/5328/14806
f 3825/5407/14807 3826/5408/14808 3766/5330/14809 3765/5329/14810
f 3768/5332/14811 3767/5331/14812 3807/5383/14813 3808/5384/14814
f 3769/5333/14815 3768/5332/14816 3808/5384/14817 3809/5385/14818
f 3810/5386/14819 3770/5334/14820 3769/5333/14821 3809/5385/14822
f 3810/5387/14823 3811/5388/14824 3771/5336/14825 3770/5335/14826
f 3811/5388/14827 3812/5390/14828 3772/5338/14829 3771/5336/14830
f 3773/5339/14831 3772/5337/14832 3812/5389/14833 3813/5391/14834
f 3774/5341/14835 3773/5340/14836 3813/5392/14837 3814/5393/14838
f 3814/5393/14839 3815/5394/14840 3775/5342/14841 3774/5341/14842
f 3815/5394/14843 3816/5395/14844 3776/5343/14845 3775/5342/14846
f 3778/5345/14847 3777/5344/14848 3757/5318/14849 3758/5319/14850
f 3779/5346/14851 3778/5345/14852 3758/5319/14853 3759/5320/14854
f 3759/5320/14855 3760/5322/14856 3780/5348/14857 3779/5346/14858
f 3760/5321/14859 3761/5323/14860 3781/5349/14861 3780/5347/14862
f 3782/5351/14863 3781/5350/14864 3761/5324/14865 3762/5325/14866
f 3783/5353/14867 3782/5351/14868 3762/5325/14869 3763/5327/14870
f 3784/5354/14871 3783/5352/14872 3763/5326/14873 3764/5328/14874
f 3764/5328/14875 3765/5329/14876 3785/5355/14877 3784/5354/14878
f 3765/5329/14879 3766/5330/14880 3786/5356/14881 3785/5355/14882
f 3788/5358/14883 3787/5357/14884 3708/5235/14885 3742/5300/14886
f 3789/5359/14887 3788/5358/14888 3742/5300/14889 3694/5207/14890
f 3693/5206/14891 3790/5360/14892 3789/5359/14893 3694/5207/14894
f 3693/5211/14895 3699/5228/14896 3791/5362/14897 3790/5361/14898
f 3699/5228/14899 3700/5227/14900 3792/5364/14901 3791/5362/14902
f 3793/5365/14903 3792/5363/14904 3700/5212/14905 3696/5215/14906
f 3794/5367/14907 3793/5366/14908 3696/5209/14909 3695/5208/14910
f 3695/5208/14911 3755/5316/14912 3795/5368/14913 3794/5367/14914
f 3755/5316/14915 3715/5242/14916 3796/5369/14917 3795/5368/14918
f 3798/5371/14919 3797/5370/14920 3767/5331/14921 3768/5332/14922
f 3799/5372/14923 3798/5371/14924 3768/5332/14925 3769/5333/14926
f 3770/5334/14927 3800/5373/14928 3799/5372/14929 3769/5333/14930
f 3770/5335/14931 3771/5336/14932 3801/5375/14933 3800/5374/14934
f 3771/5336/14935 3772/5338/14936 3802/5377/14937 3801/5375/14938
f 3803/5378/14939 3802/5376/14940 3772/5337/14941 3773/5339/14942
f 3804/5380/14943 3803/5379/14944 3773/5340/14945 3774/5341/14946
f 3774/5341/14947 3775/5342/14948 3805/5381/14949 3804/5380/14950
f 3775/5342/14951 3776/5343/14952 3806/5382/14953 3805/5381/14954
f 3808/5384/14955 3807/5383/14956 3707/5234/14957 3741/5299/14958
f 3809/5385/14959 3808/5384/14960 3741/5299/14961 3688/5202/14962
f 3683/5201/14963 3810/5386/14964 3809/5385/14965 3688/5202/14966
f 3683/5210/14967 3698/5225/14968 3811/5388/14969 3810/5387/14970
f 3698/5225/14971 3697/5226/14972 3812/5390/14973 3811/5388/14974
f 3813/5391/14975 3812/5389/14976 3697/5213/14977 3684/5214/14978
f 3814/5393/14979 3813/5392/14980 3684/5200/14981 3685/5203/14982
f 3685/5203/14983 3756/5317/14984 3815/5394/14985 3814/5393/14986
f 3756/5317/14987 3716/5243/14988 3816/5395/14989 3815/5394/14990
f 3818/5397/14991 3817/5396/14992 3726/5278/14993 3753/5314/14994
f 3819/5398/14995 3818/5397/14996 3753/5314/14997 3727/5281/14998
f 3727/5281/14999 3729/5249/15000 3820/5400/15001 3819/5398/15002
f 3729/5284/15003 3732/5253/15004 3821/5401/15005 3820/5399/15006
f 3822/5403/15007 3821/5402/15008 3732/5287/15009 3733/5290/15010
f 3823/5405/15011 3822/5403/15012 3733/5290/15013 3735/5263/15014
f 3824/5406/15015 3823/5404/15016 3735/5293/15017 3738/5296/15018
f 3738/5296/15019 3744/5302/15020 3825/5407/15021 3824/5406/15022
f 3744/5302/15023 3739/5271/15024 3826/5408/15025 3825/5407/15026
f 3828/5410/15027 3827/5409/15028 3717/5244/15029 3751/5311/15030
f 3829/5411/15031 3828/5410/15032 3751/5311/15033 3718/5252/15034
f 3719/5255/15035 3830/5413/15036 3829/5411/15037 3718/5252/15038
f 3720/5259/15039 3831/5414/15040 3830/5412/15041 3719/5245/15042
f 3832/5416/15043 3831/5415/15044 3720/5266/15045 3721/5267/15046
f 3833/5418/15047 3832/5416/15048 3721/5267/15049 3722/5270/15050
f 3834/5419/15051 3833/5417/15052 3722/5246/15053 3723/5275/15054
f 3723/5275/15055 3746/5305/15056 3835/5420/15057 3834/5419/15058
f 3746/5305/15059 3724/5276/15060 3836/5421/15061 3835/5420/15062
f 3838/5423/15063 3837/5422/15064 3724/5276/15065 3746/5305/15066
f 3839/5424/15067 3838/5423/15068 3746/5305/15069 3723/5275/15070
f 3723/5275/15071 3722/5246/15072 3840/5425/15073 3839/5424/15074
f 3722/5270/15075 3721/5267/15076 3841/5427/15077 3840/5426/15078
f 3721/5267/15079 3720/5266/15080 3842/5429/15081 3841/5427/15082
f 3843/5430/15083 3842/5428/15084 3720/5259/15085 3719/5245/15086
f 3844/5432/15087 3843/5431/15088 3719/5255/15089 3718/5252/15090
f 3718/5252/15091 3751/5311/15092 3845/5433/15093 3844/5432/15094
f 3751/5311/15095 3717/5244/15096 3846/5434/15097 3845/5433/15098
f 3847/5435/15099 3853/5436/15100 3871/5437/15101 3869/5438/15102
f 3941/5439/15103 3859/5440/15104 3865/5441/15105 3942/5442/15106
f 3862/5443/15107 3861/5444/15108 3945/5445/15109 3944/5446/15110
f 3941/5447/15111 3940/5448/15112 3860/5449/15113 3859/5450/15114
f 3855/5451/15115 3856/5452/15116 3929/5453/15117 3928/5454/15118
f 3924/5455/15119 3857/5456/15120 3858/5457/15121 3925/5458/15122
f 3855/5459/15123 3928/5460/15124 3927/5461/15125 3867/5462/15126
f 3933/5463/15127 3932/5464/15128 3856/5452/15129 3855/5451/15130
f 3858/5457/15131 3857/5456/15132 3937/5465/15133 3936/5466/15134
f 3933/5467/15135 3855/5459/15136 3867/5462/15137 3934/5468/15138
f 3866/5469/15139 3862/5470/15140 3944/5471/15141 3943/5472/15142
f 3868/5473/15143 3858/5474/15144 3936/5475/15145 3935/5476/15146
f 3925/5477/15147 3858/5474/15148 3868/5473/15149 3926/5478/15150
f 3872/5479/15151 3852/5480/15152 3848/5481/15153 3870/5482/15154
f 3942/5442/15155 3865/5441/15156 3866/5483/15157 3943/5484/15158
f 3934/5468/15159 3867/5462/15160 3868/5485/15161 3935/5486/15162
f 3867/5462/15163 3927/5461/15164 3926/5487/15165 3868/5485/15166
f 3869/5438/15167 3871/5437/15168 3872/5488/15169 3870/5489/15170
f 3892/5490/15171 3939/5491/15172 3797/5492/15173 3708/5493/15174
f 3893/5494/15175 3931/5495/15176 3787/5496/15177 3709/5497/15178
f 3930/5498/15179 3893/5494/15180 3709/5497/15181 3786/5499/15182
f 3898/5500/15183 3897/5501/15184 3710/5502/15185 3711/5503/15186
f 3898/5500/15187 3711/5503/15188 3712/5504/15189 3899/5505/15190
f 3900/5506/15191 3899/5507/15192 3712/5508/15193 3713/5509/15194
f 3904/5510/15195 3923/5511/15196 3777/5512/15197 3714/5513/15198
f 3938/5514/15199 3904/5510/15200 3714/5513/15201 3796/5515/15202
f 3946/5516/15203 3905/5517/15204 3715/5518/15205 3806/5519/15206
f 3902/5520/15207 3963/5521/15208 3827/5522/15209 3725/5523/15210
f 3965/5524/15211 3964/5525/15212 3880/5526/15213 3882/5527/15214
f 3966/5528/15215 3965/5529/15216 3882/5530/15217 3883/5531/15218
f 3886/5532/15219 3967/5533/15220 3966/5534/15221 3883/5535/15222
f 3888/5536/15223 3968/5537/15224 3967/5533/15225 3886/5532/15226
f 3889/5538/15227 3969/5539/15228 3968/5540/15229 3888/5541/15230
f 3970/5542/15231 3895/5543/15232 3740/5544/15233 3836/5545/15234
f 3978/5546/15235 3900/5506/15236 3713/5509/15237 3846/5547/15238
f 3848/5481/15239 3852/5480/15240 3977/5548/15241 3976/5549/15242
f 3870/5550/15243 3848/5551/15244 3976/5552/15245 3975/5553/15246
f 3974/5554/15247 3869/5555/15248 3870/5556/15249 3975/5557/15250
f 3973/5558/15251 3847/5559/15252 3869/5555/15253 3974/5554/15254
f 3972/5560/15255 3853/5436/15256 3847/5435/15257 3973/5561/15258
f 3897/5501/15259 3971/5562/15260 3837/5563/15261 3710/5502/15262
f 3726/5564/15263 3903/5565/15264 3902/5566/15265 3725/5567/15266
f 3879/5568/15267 3881/5569/15268 3882/5570/15269 3880/5571/15270
f 3881/5572/15271 3884/5573/15272 3883/5574/15273 3882/5575/15274
f 3884/5576/15275 3885/5577/15276 3886/5578/15277 3883/5579/15278
f 3885/5577/15279 3887/5580/15280 3888/5581/15281 3886/5582/15282
f 3887/5583/15283 3890/5584/15284 3889/5585/15285 3888/5586/15286
f 3894/5587/15287 3739/5588/15288 3740/5589/15289 3895/5590/15290
f 3860/5449/15291 3940/5448/15292 3939/5491/15293 3892/5490/15294
f 3856/5452/15295 3932/5464/15296 3931/5495/15297 3893/5494/15298
f 3929/5453/15299 3856/5452/15300 3893/5494/15301 3930/5498/15302
f 3890/5584/15303 3894/5587/15304 3895/5590/15305 3889/5591/15306
f 3969/5539/15307 3889/5538/15308 3895/5543/15309 3970/5542/15310
f 3853/5436/15311 3972/5560/15312 3971/5562/15313 3897/5501/15314
f 3871/5437/15315 3853/5436/15316 3897/5501/15317 3898/5500/15318
f 3871/5437/15319 3898/5500/15320 3899/5505/15321 3872/5488/15322
f 3852/5480/15323 3872/5479/15324 3899/5507/15325 3900/5506/15326
f 3977/5548/15327 3852/5480/15328 3900/5506/15329 3978/5546/15330
f 3880/5526/15331 3964/5525/15332 3963/5521/15333 3902/5520/15334
f 3903/5565/15335 3879/5568/15336 3880/5592/15337 3902/5566/15338
f 3857/5456/15339 3924/5455/15340 3923/5511/15341 3904/5510/15342
f 3937/5465/15343 3857/5456/15344 3904/5510/15345 3938/5514/15346
f 3945/5445/15347 3861/5444/15348 3905/5517/15349 3946/5516/15350
f 3907/5593/15351 3955/5594/15352 3817/5595/15353 3757/5596/15354
f 3908/5597/15355 3956/5598/15356 3955/5594/15357 3907/5593/15358
f 3956/5598/15359 3908/5597/15360 3909/5599/15361 3957/5600/15362
f 3957/5601/15363 3909/5602/15364 3910/5603/15365 3958/5604/15366
f 3911/5605/15367 3959/5606/15368 3958/5607/15369 3910/5608/15370
f 3912/5609/15371 3960/5610/15372 3959/5606/15373 3911/5605/15374
f 3913/5611/15375 3961/5612/15376 3960/5613/15377 3912/5614/15378
f 3961/5612/15379 3913/5611/15380 3914/5615/15381 3962/5616/15382
f 3962/5616/15383 3914/5615/15384 3766/5617/15385 3826/5618/15386
f 3915/5619/15387 3947/5620/15388 3807/5621/15389 3767/5622/15390
f 3916/5623/15391 3948/5624/15392 3947/5620/15393 3915/5619/15394
f 3949/5625/15395 3948/5624/15396 3916/5623/15397 3917/5626/15398
f 3949/5627/15399 3917/5628/15400 3918/5629/15401 3950/5630/15402
f 3950/5630/15403 3918/5629/15404 3919/5631/15405 3951/5632/15406
f 3920/5633/15407 3952/5634/15408 3951/5635/15409 3919/5636/15410
f 3921/5637/15411 3953/5638/15412 3952/5639/15413 3920/5640/15414
f 3953/5638/15415 3921/5637/15416 3922/5641/15417 3954/5642/15418
f 3954/5642/15419 3922/5641/15420 3776/5643/15421 3816/5644/15422
f 3923/5511/15423 3907/5593/15424 3757/5596/15425 3777/5512/15426
f 3924/5455/15427 3908/5597/15428 3907/5593/15429 3923/5511/15430
f 3908/5597/15431 3924/5455/15432 3925/5458/15433 3909/5599/15434
f 3909/5602/15435 3925/5477/15436 3926/5478/15437 3910/5603/15438
f 3927/5461/15439 3911/5605/15440 3910/5608/15441 3926/5487/15442
f 3928/5460/15443 3912/5609/15444 3911/5605/15445 3927/5461/15446
f 3929/5453/15447 3913/5611/15448 3912/5614/15449 3928/5454/15450
f 3913/5611/15451 3929/5453/15452 3930/5498/15453 3914/5615/15454
f 3914/5615/15455 3930/5498/15456 3786/5499/15457 3766/5617/15458
f 3931/5495/15459 3892/5490/15460 3708/5493/15461 3787/5496/15462
f 3932/5464/15463 3860/5449/15464 3892/5490/15465 3931/5495/15466
f 3859/5450/15467 3860/5449/15468 3932/5464/15469 3933/5463/15470
f 3859/5440/15471 3933/5467/15472 3934/5468/15473 3865/5441/15474
f 3865/5441/15475 3934/5468/15476 3935/5486/15477 3866/5483/15478
f 3936/5475/15479 3862/5470/15480 3866/5469/15481 3935/5476/15482
f 3937/5465/15483 3861/5444/15484 3862/5443/15485 3936/5466/15486
f 3861/5444/15487 3937/5465/15488 3938/5514/15489 3905/5517/15490
f 3905/5517/15491 3938/5514/15492 3796/5515/15493 3715/5518/15494
f 3939/5491/15495 3915/5619/15496 3767/5622/15497 3797/5492/15498
f 3940/5448/15499 3916/5623/15500 3915/5619/15501 3939/5491/15502
f 3917/5626/15503 3916/5623/15504 3940/5448/15505 3941/5447/15506
f 3917/5628/15507 3941/5439/15508 3942/5442/15509 3918/5629/15510
f 3918/5629/15511 3942/5442/15512 3943/5484/15513 3919/5631/15514
f 3944/5471/15515 3920/5633/15516 3919/5636/15517 3943/5472/15518
f 3945/5445/15519 3921/5637/15520 3920/5640/15521 3944/5446/15522
f 3921/5637/15523 3945/5445/15524 3946/5516/15525 3922/5641/15526
f 3922/5641/15527 3946/5516/15528 3806/5519/15529 3776/5643/15530
f 3947/5620/15531 3891/5645/15532 3707/5646/15533 3807/5621/15534
f 3948/5624/15535 3854/5647/15536 3891/5645/15537 3947/5620/15538
f 3849/5648/15539 3854/5647/15540 3948/5624/15541 3949/5625/15542
f 3849/5649/15543 3949/5627/15544 3950/5630/15545 3864/5650/15546
f 3864/5650/15547 3950/5630/15548 3951/5632/15549 3863/5651/15550
f 3952/5634/15551 3850/5652/15552 3863/5653/15553 3951/5635/15554
f 3953/5638/15555 3851/5654/15556 3850/5655/15557 3952/5639/15558
f 3851/5654/15559 3953/5638/15560 3954/5642/15561 3906/5656/15562
f 3906/5656/15563 3954/5642/15564 3816/5644/15565 3716/5657/15566
f 3955/5594/15567 3903/5565/15568 3726/5564/15569 3817/5595/15570
f 3956/5598/15571 3879/5568/15572 3903/5565/15573 3955/5594/15574
f 3879/5568/15575 3956/5598/15576 3957/5600/15577 3881/5569/15578
f 3881/5572/15579 3957/5601/15580 3958/5604/15581 3884/5573/15582
f 3959/5606/15583 3885/5577/15584 3884/5576/15585 3958/5607/15586
f 3960/5610/15587 3887/5580/15588 3885/5577/15589 3959/5606/15590
f 3961/5612/15591 3890/5584/15592 3887/5583/15593 3960/5613/15594
f 3890/5584/15595 3961/5612/15596 3962/5616/15597 3894/5587/15598
f 3894/5587/15599 3962/5616/15600 3826/5618/15601 3739/5588/15602
f 3963/5521/15603 3901/5658/15604 3717/5659/15605 3827/5522/15606
f 3964/5525/15607 3873/5660/15608 3901/5658/15609 3963/5521/15610
f 3874/5661/15611 3873/5660/15612 3964/5525/15613 3965/5524/15614
f 3875/5662/15615 3874/5663/15616 3965/5529/15617 3966/5528/15618
f 3967/5533/15619 3876/5664/15620 3875/5665/15621 3966/5534/15622
f 3968/5537/15623 3877/5666/15624 3876/5664/15625 3967/5533/15626
f 3969/5539/15627 3878/5667/15628 3877/5668/15629 3968/5540/15630
f 3878/5667/15631 3969/5539/15632 3970/5542/15633 3896/5669/15634
f 3896/5669/15635 3970/5542/15636 3836/5545/15637 3724/5670/15638
f 3971/5562/15639 3896/5669/15640 3724/5670/15641 3837/5563/15642
f 3972/5560/15643 3878/5667/15644 3896/5669/15645 3971/5562/15646
f 3878/5667/15647 3972/5560/15648 3973/5561/15649 3877/5668/15650
f 3877/5666/15651 3973/5558/15652 3974/5554/15653 3876/5664/15654
f 3876/5664/15655 3974/5554/15656 3975/5557/15657 3875/5665/15658
f 3976/5552/15659 3874/5663/15660 3875/5662/15661 3975/5553/15662
f 3977/5548/15663 3873/5660/15664 3874/5661/15665 3976/5549/15666
f 3873/5660/15667 3977/5548/15668 3978/5546/15669 3901/5658/15670
f 3901/5658/15671 3978/5546/15672 3846/5547/15673 3717/5659/15674
